20000,3,100,0,20,0,165,0,0\0,31/5/1/111111111111/11111/1/1/0/50/0/0,
20001,3,-40,0,-10,0,227,0,0\0,31/5/1/111111111111/11111/1/1/0/50/0/0,
20002,3,60,0,50,0,200,0,0\0,2/1/1/111111111111/11111/1/1/0/50/0/0,
20003,3,40,0,10,0,30,0,0\0,10/1/1/111111111111/11111/1/1/0/50/0/0,
40000,9,-28,0,0,0,150,0,0\0,0\0\0\0\1\0\Game/Gimmick/Gimmick_Break_Rock01
40001,9,153,0,26,0,180,0,0\0,0\0\0\0\1\0\Game/Gimmick/Gimmick_Taru001
40002,9,140,0,25,0,180,0,0\0,0\0\0\0\1\0\Game/Gimmick/Gimmick_Taru001
40003,9,10,20,38,0,180,0,0\0,0\0\0\0\1\0\Game/Gimmick/Gimmick_Taru001
40004,9,20,20,28,0,180,0,0\0,0\0\0\0\1\0\Game/Gimmick/Gimmick_Taru001
40005,9,8,20,18,0,180,0,0\0,0\0\0\0\1\0\Game/Gimmick/Gimmick_Taru001
30000,4,-11,20,-51,0,180,0,0\0,3/0/0/0/0,
30001,4,-111,0,-4,0,180,0,0\0,3/0/0/0/0,
30002,4,-100,0,-15,0,180,0,0\0,3/0/0/0/0,
30003,4,-90,0,-25,0,180,0,0\0,3/0/0/0/0,
30004,4,-20,0,40,0,180,0,0\0,3/0/0/0/0,
30005,4,70,0,109,0,180,0,0\0,3/0/0/0/0,
30006,4,129,20,95,0,180,0,0\0,2/0/0/0/0,
30007,4,-135,20,36,0,180,0,0\0,2/0/0/0/0,
30008,4,114,20,49,0,180,0,0\0,1/0/0/0/0,
30009,4,142,20,40,0,180,0,0\0,1/0/0/0/0,
30010,4,-12,20,-25,0,180,0,0\0,1/0/0/0/0,

