1021001,4,189,0,87,0,180,0,0\0,2/0/0/0/0,
1021002,4,162,0,84,0,180,0,0\0,9/0/0/0/0,
1021003,4,163,0,4,0,180,0,0\0,17/0/0/0/0,
1021004,4,124,0,235,0,180,0,0\0,15/0/0/0/0,
1021005,4,300,0,96,0,180,0,0\0,17/0/0/0/0,
1021006,4,76,0,145,0,180,0,0\0,16/0/0/0/0,
1021007,4,119,0,-16,0,180,0,0\0,16/0/0/0/0,
1021008,4,50,0,170,0,180,0,0\0,2/0/0/0/0,
1021009,4,32,0,-7,0,180,0,0\0,16/0/0/0/0,
1021010,4,383,0,68,0,180,0,0\0,9/0/0/0/0,
1021011,4,423,0,77,0,180,0,0\0,15/0/0/0/0,
1021012,4,90,0,185,0,180,0,0\0,2/0/0/0/0,
1021013,4,48,0,236,0,180,0,0\0,1/0/0/0/0,
1022001,3,195,0,39,0,217,0,0\0,8/1/1/111111111111/11111/1/1/0/50/0/0,
1022002,3,71,0,215,0,153,0,0\0,8/1/1/111111111111/11111/1/1/0/50/0/0,
1022003,3,124,0,176,0,194,0,0\0,7/1/1/111111111111/11111/1/1/0/50/0/0,
1022004,3,111,0,26,0,156,0,0\0,7/1/1/111111111111/11111/1/1/0/50/0/0,
1022005,3,170,0,72,0,209,0,0\0,7/1/1/111111111111/11111/1/1/0/50/0/0,
200011007,3,114,0,137,0,167,0,0\0,31/6/3/111111111111/11111/1/1/0/50/1/2,
900000004,3,82,0,166,0,167,0,0\0,31/6/3/111111111111/11111/1/1/0/50/1/2,
15007,12,90,0,0,0,0,0,0\0,

