301001,4,264,-29,271,0,0,0,0\0,17/0/0/0/0,
301003,4,286,29,424,0,0,0,0\0,16/0/0/0/0,
301005,4,227,16,351,0,0,0,0\0,16/0/0/0/0,
301006,4,267,7,333,0,0,0,0\0,16/0/0/0/0,
301009,4,340,-32,285,0,180,0,0\0,2/0/0/0/0,
301010,4,252,31,431,0,180,0,0\0,8/0/0/0/0,
301014,4,298,15,381,0,41,0,0\0,13/0/0/0/0,
301016,4,269,30,393,0,232,0,0\0,18/0/0/0/0,
301019,4,308,5,319,0,41,0,0\0,18/0/0/0/0,
301011,4,273,-30,259,0,313,0,0\0,19/0/0/0/0,
302001,3,285,-27,255,0,30,0,0\0,2/2/1/111111111111/11111/1/1/0/50/0/0,
302003,3,240,10,352,0,76,0,0\0,2/2/4/111111111111/11111/1/1/0/50/0/0,
302004,3,215,19,378,0,96,0,0\0,2/2/1/111111111111/11111/1/1/0/50/0/0,
302005,3,279,8,328,0,108,0,0\0,2/2/1/111111111111/11111/1/1/0/50/0/0,
302006,3,336,12,350,0,224,0,0\0,15/1/1/111111111111/11111/1/1/0/50/0/0,
302007,3,306,15,353,0,253,0,0\0,15/1/4/111111111111/11111/1/1/0/50/0/0,
302008,3,260,25,371,0,249,0,0\0,15/1/4/111111111111/11111/1/1/0/50/0/0,
302011,3,326,-29,277,0,207,0,0\0,4/1/1/111111111111/11111/1/1/0/50/0/0,
303001,9,299,-26,292,0,169,0,0\0,0\0\0\1\1.9\180\Game/Gimmick/Gimmick_GrowthBomb_Root_02
309001,8,300,24,402,0,17,0,0\0,27/Field
309002,5,231,27,412,0,0,0,0\0,↓：老鼠洞/4/3
309006,8,241,-26,273,0,354,0,0\0,28/Field
309007,5,282,-28,278,0,337,0,0\0,上面是「老鼠洞之丘」<br>　<br>等這裡的草出來<br>或許可以從懸崖爬上去<br>　　　　　　　　　賢三/4/6
309003,1,251,-18,209,0,149,0,0\0,6,
309004,1,307,-27,218,0,152,0,0\0,6,
309005,1,354,-29,235,0,141,0,0\0,6,

