701001,4,4,0,119,0,180,0,0\0,2/0/0/0/0,
701002,4,-189,0,146,0,180,0,0\0,2/0/0/0/0,
701003,4,-239,0,130,0,180,0,0\0,2/0/0/0/0,
701004,4,-293,0,125,0,180,0,0\0,2/0/0/0/0,
701005,4,-366,0,225,0,180,0,0\0,2/0/0/0/0,
701006,4,-26,0,632,0,180,0,0\0,2/0/0/0/0,
701007,4,-63,0,661,0,180,0,0\0,2/0/0/0/0,
702001,3,-68,0,117,0,129,0,0\0,10/1/1/111111111111/11111/1/1/0/50/0/0,
702002,3,-175,0,310,0,184,0,0\0,10/1/1/111111111111/11111/1/1/0/50/0/0,
702003,3,-147,0,338,0,311,0,0\0,10/1/1/111111111111/11111/1/1/0/50/0/0,
702004,3,-47,0,517,0,236,0,0\0,10/1/1/111111111111/11111/1/1/0/50/0/0,
702005,3,-155,0,626,0,176,0,0\0,10/1/1/111111111111/11111/1/1/0/50/0/0,
702006,3,-153,0,570,0,55,0,0\0,10/1/1/111111111111/11111/1/1/0/50/0/0,
702007,3,-93,0,215,0,180,0,0\0,11/1/1/111111111111/11111/1/1/0/50/0/0,
702008,3,-187,0,236,0,213,0,0\0,11/1/1/111111111111/11111/1/1/0/50/0/0,
702009,3,-82,0,480,0,104,0,0\0,11/1/1/111111111111/11111/1/1/0/50/0/0,
702010,3,-280,0,130,0,69,0,0\0,11/1/1/111111111111/11111/1/1/0/50/0/0,
702011,3,-279,0,199,0,149,0,0\0,41/3/1/111111111111/11111/1/1/0/50/0/0,
702012,3,-198,0,533,0,46,0,0\0,41/3/1/111111111111/11111/1/1/0/50/0/0,
703001,9,-220,0,121,0,0,0,0\0,0\0\0\0\1\0\Game/Gimmick/Gimmick_Break_Rock02
703002,9,-270,0,165,0,0,0,0\0,0\0\0\0\1\0\Game/Gimmick/Gimmick_Break_Rock02
703003,9,-392,0,204,0,0,0,0\0,0\0\0\0\1\0\Game/Gimmick/Gimmick_Break_Rock02
703004,9,-421,0,212,0,0,0,0\0,0\0\0\0\1\0\Game/Gimmick/Gimmick_Break_Rock02
703005,9,-223,0,291,0,0,0,0\0,0\0\0\0\1\0\Game/Gimmick/Gimmick_Break_Rock02
703006,9,-128,0,367,0,0,0,0\0,0\0\0\0\1\0\Game/Gimmick/Gimmick_Break_Rock02
703007,9,-43,0,489,0,90,0,0\0,0\0\0\0\1\0\Game/Gimmick/Gimmick_Break_Rock02
703008,9,-212,0,544,0,0,0,0\0,0\0\0\0\1\0\Game/Gimmick/Gimmick_Break_Rock02
703009,9,-233,0,532,0,0,0,0\0,0\0\0\0\1\0\Game/Gimmick/Gimmick_Break_Rock02
703010,9,-171,0,517,0,0,0,0\0,0\0\0\0\1\0\Game/Gimmick/Gimmick_Break_Rock02

