101001,4,180,15,80,0,0,0,0\0,2/0/0/0/0,
101002,4,0,12,100,0,0,0,0\0,16/0/0/0/0,
101003,4,-28,0,100,0,0,0,0\0,2/0/0/0/0,
101004,4,-40,-11,48,0,180,0,0\0,16/0/0/0/0,
101005,4,60,14,91,0,0,0,0\0,2/0/0/0/0,
101006,4,76,14,91,0,0,0,0\0,15/0/0/0/0,
101007,4,140,8,55,0,0,0,0\0,17/0/0/0/0,
101016,4,-144,-20,-29,0,45,0,0\0,5/0/0/0/0,
101019,4,-81,-3,162,0,0,0,0\0,2/0/0/0/0,
101020,4,-129,-3,195,0,0,0,0\0,15/0/0/0/0,
101021,4,-152,-4,219,0,0,0,0\0,15/0/0/0/0,
101022,4,-73,-21,60,0,180,0,0\0,17/0/0/0/0,
101023,4,-70,-26,35,0,180,0,0\0,17/0/0/0/0,
101027,4,-306,-31,101,0,0,0,0\0,5/0/0/0/0,
101028,4,120,-24,-30,0,0,0,0\0,17/0/0/0/0,
101029,4,136,-31,-77,0,180,0,0\0,5/0/0/0/0,
101031,4,218,16,113,0,0,0,0\0,14/-24.4/0/28.97/1,
101008,4,99,-14,4,0,0,0,0\0,8/0/0/0/0,
101009,4,30,14,51,0,90,0,0\0,19/0/0/0/0,
101010,4,54,14,21,0,270,0,0\0,19/0/0/0/0,
101013,4,16,-20,-75,0,270,0,0\0,19/0/0/0/0,
101014,4,-30,-20,-117,0,0,0,0\0,19/0/0/0/0,
101015,4,-115,-20,-44,0,90,0,0\0,19/0/0/0/0,
101024,4,-106,-32,35,0,180,0,0\0,8/0/0/0/0,
101011,4,68,14,-37,0,0,0,0\0,18/0/0/0/0,
101012,4,-19,-20,-30,0,0,0,0\0,18/0/0/0/0,
101017,4,63,-20,-113,0,135,0,0\0,20/0/0/0/0,
101018,4,-87,-31,-3,0,225,0,0\0,20/0/0/0/0,
101025,4,-76,-32,-15,0,180,0,0\0,18/0/0/0/0,
101026,4,-174,-30,44,0,125,0,0\0,20/0/0/0/0,
101030,4,330,-31,82,0,0,0,0\0,4/0/0/0/0,
101032,4,-297,-30,44,0,180,0,0\0,20/0/0/0/0,
101033,4,307,-31,19,0,180,0,0\0,20/0/0/0/0,
101034,4,196,-31,-77,0,230,0,0\0,20/0/0/0/0,
102001,3,159,4,21,0,90,0,0\0,31/3/1/111111111111/11111/1/1/0/50/0/0,
102002,3,28,14,95,0,180,0,0\0,31/3/1/111111111111/11111/1/1/0/50/0/0,
102007,3,-139,-14,157,0,225,0,0\0,31/3/1/111111111111/11111/1/1/0/50/0/0,
102008,3,-117,-19,112,0,270,0,0\0,18/1/1/111111111111/11111/1/1/0/50/0/0,
102009,3,-121,-30,56,0,0,0,0\0,18/1/1/111111111111/11111/1/1/0/50/0/0,
102010,3,-241,-30,78,0,0,0,0\0,18/1/1/111111111111/11111/1/1/0/50/0/0,
102011,3,-268,-30,152,0,90,0,0\0,18/1/1/111111111111/11111/1/1/0/50/0/0,
102014,3,225,-28,-14,0,270,0,0\0,31/3/1/111111111111/11111/1/1/0/50/0/0,
100023004,3,245,-24,12,0,270,0,0\0,29/4/3/111111111111/11111/1/1/0/50/1/0,
800020007,3,200,-24,-37,0,0,0,0\0,29/2/3/111111111111/11111/1/1/0/50/1/0,
800020008,3,200,-24,-37,0,0,0,0\0,31/7/3/111111111111/11111/1/1/0/50/1/0,
102004,3,-74,-4,107,0,135,0,0\0,4/2/1/111111111111/11111/1/1/0/50/0/0,
102012,3,-278,-30,99,0,90,0,0\0,4/2/1/111111111111/11111/1/1/0/50/0/0,
102016,3,137,-25,-23,0,180,0,0\0,4/2/1/111111111111/11111/1/1/0/50/0/0,
102003,3,-30,-4,77,0,180,0,0\0,1/2/1/111111111111/11111/1/1/0/50/0/0,
102005,3,-131,-20,-42,0,90,0,0\0,1/2/1/111111111111/11111/1/1/0/50/0/0,
102006,3,78,-20,-7,0,180,0,0\0,1/2/1/111111111111/11111/1/1/0/50/0/0,
102013,3,-210,-32,40,0,90,0,0\0,1/2/1/111111111111/11111/1/1/0/50/0/0,
102015,3,206,-28,-38,0,315,0,0\0,1/2/1/111111111111/11111/1/1/0/50/0/0,
100019003,3,-193,-25,113,0,0,0,0\0,29/4/3/111111111111/11111/1/1/0/50/1/0,
200018004,3,-3,-20,-9,0,135,0,0\0,1/2/3/111111111111/11111/1/1/0/50/1/0,
800041008,3,-157,-25,83,0,0,0,0\0,29/4/3/111111111111/11111/1/1/0/50/1/0,
103001,9,-152,-20,-47,0,0,0,0\0,0\0\0\0\1\0\Game/Gimmick/Gimmick_Taru002
103002,9,108,-28,-60,0,0,0,0\0,0\0\0\0\1\0\Game/Gimmick/Gimmick_Taru002
103003,9,77,14,-53,0,0,0,0\0,0\0\0\0\1\0\Game/Gimmick/Gimmick_Taru001
103004,9,23,-20,0,0,0,0,0\0,0\0\0\0\1\0\Game/Gimmick/Gimmick_Taru001
103005,9,-148,-20,-38,0,0,0,0\0,0\0\0\0\1\0\Game/Gimmick/Gimmick_Taru001
103006,9,-142,-20,-49,0,0,0,0\0,0\0\0\0\1\0\Game/Gimmick/Gimmick_Taru001
103007,9,-21,-20,-140,0,0,0,0\0,0\0\0\0\1\0\Game/Gimmick/Gimmick_Taru001
103008,9,-25,-20,-150,0,0,0,0\0,0\0\0\0\1\0\Game/Gimmick/Gimmick_Taru001
109001,8,112,16,98,0,0,0,0\0,8/Field
109002,8,-35,-20,-58,0,0,0,0\0,13/Field
109003,8,-220,-25,183,0,0,0,0\0,18/Field
109006,5,129,9,54,0,0,0,0\0,青き海唄「エルレウム」へようこそ！<br><br>→：カナリス海岸<br>←：ラピス海岸<br>↓：ラクタス郊外広場/4/3
109007,5,54,-20,-6,0,0,0,0\0,ラクタス郊外広場<br><br>←：ラピス海岸<br>→：カナリス海岸<br>↓：ラクタス<br>    ブレセイル最大の港街/4/3
109008,5,-116,-16,149,0,8,0,0\0,ラピス海岸<br><br>←：白銀の王座「ルーゲント」<br>→：ラクタス郊外広場<br>↓：漁村「ピスク」・ピスク海岸/4/3
109009,5,173,-34,-47,0,18,0,0\0,カナリス海岸<br><br>→：人魚岩/4/6
109010,5,-24,-20,-77,0,115,0,0\0,この先、港街ラクタス/4/6
109011,5,53,-20,-69,0,60,0,0\0,観光客の皆様<br>この先、夜間に魚たちが集まります。<br><br>ぜひ、幻想的なエルレウムの風景とともに<br>夜釣りをお楽しみください。<br><br>　　　　　　　　　　エルレウム観光協会/4/6
109004,1,-306,20,0,0,0,0,0\0,6,
109005,1,-210,20,0,0,0,0,0\0,6,
108001,11,-25,-20,-45,0,315,0,0\0,1010/2/111111111111/11111/-1/,
108002,11,252,-39,-15,0,315,0,0\0,1010/2/111111111111/11111/-1/,
108003,11,28,-20,-2,0,145,0,0\0,5016/2/111111111111/11111/-1/,
108004,11,28,-20,-2,0,145,0,0\0,5017/2/111111111111/11111/-1/,
108005,11,28,-20,-2,0,145,0,0\0,5017/2/111111111111/11111/-1/,
108006,11,28,-20,-2,0,145,0,0\0,5017/2/111111111111/11111/-1/,
108007,11,28,-20,-2,0,145,0,0\0,5017/2/111111111111/11111/-1/,
107001,12,134,8,42,0,180,0,0\0,
107002,12,21,-20,-42,0,180,0,0\0,
107004,12,249,-28,6,0,180,0,0\0,
107013,12,4,-20,16,0,180,0,0\0,
107005,12,200,-24,-4,0,180,0,0\0,
107014,12,-22,-20,-46,0,180,0,0\0,
107003,12,-193,-25,138,0,180,0,0\0,

