501001,4,331,-1,-154,0,0,0,0\0,17/0/0/0/0,
501002,4,1071,-1,343,0,0,0,0\0,17/0/0/0/0,
501003,4,639,0,178,0,0,0,0\0,16/0/0/0/0,
501004,4,592,0,458,0,180,0,0\0,2/0/0/0/0,
501005,4,148,0,54,0,180,0,0\0,15/0/0/0/0,
501006,4,562,0,141,0,180,0,0\0,8/0/0/0/0,
501007,4,607,0,155,0,41,0,0\0,13/0/0/0/0,
501008,4,1136,0,307,0,41,0,0\0,13/0/0/0/0,
502001,3,151,0,0,0,252,0,0\0,31/1/1/111111111111/11111/1/1/0/50/0/0,
502002,3,316,0,-4,0,211,0,0\0,31/1/1/111111111111/11111/1/1/0/50/0/0,
502003,3,609,0,455,0,250,0,0\0,31/1/1/111111111111/11111/1/1/0/50/0/0,
502004,3,629,0,3,0,263,0,0\0,2/2/1/111111111111/11111/1/1/0/50/0/0,
502005,3,733,0,141,0,262,0,0\0,2/2/1/111111111111/11111/1/1/0/50/0/0,
502006,3,757,0,303,0,180,0,0\0,2/2/1/111111111111/11111/1/1/0/50/0/0,
502007,3,1032,0,334,0,261,0,0\0,2/2/1/111111111111/11111/1/1/0/50/0/0,
502008,3,899,0,257,0,352,0,0\0,2/2/1/111111111111/11111/1/1/0/50/0/0,
502009,3,450,0,-14,0,269,0,0\0,15/1/1/111111111111/11111/1/1/0/50/0/0,
502010,3,583,0,128,0,186,0,0\0,15/1/1/111111111111/11111/1/1/0/50/0/0,
502011,3,610,0,319,0,172,0,0\0,15/1/1/111111111111/11111/1/1/0/50/0/0,
502012,3,631,0,157,0,269,0,0\0,15/1/1/111111111111/11111/1/1/0/50/0/0,
502013,3,932,0,304,0,268,0,0\0,15/1/1/111111111111/11111/1/1/0/50/0/0,
502014,3,1173,0,301,0,229,0,0\0,15/1/1/111111111111/11111/1/1/0/50/0/0,
502015,3,591,0,428,0,170,0,0\0,4/1/1/111111111111/11111/1/1/0/50/0/0,
502016,3,294,0,-37,0,282,0,0\0,19/1/1/111111111111/11111/1/1/0/50/0/0,
502017,3,749,0,233,0,165,0,0\0,19/1/1/111111111111/11111/1/1/0/50/0/0,
200034003,3,1092,0,284,0,271,0,0\0,15/4/3/111111111111/11111/1/1/0/50/1/0,
503001,9,605,0,231,0,345,0,0\0,-0.5\0\0.75\1\1\0\Game/Gimmick/Gimmick_tree001
503002,9,595,0,241,0,0,0,0\0,-0.5\0\0.75\1\1\0\Game/Gimmick/Gimmick_tree001
507001,12,1051,0,301,0,180,0,0\0,

