101001,4,-849,0,117,0,180,0,0\0,17/0/0/0/0,
201001,4,-84,0,229,0,180,0,0\0,2/0/0/0/0,
201002,4,-130,0,190,0,180,0,0\0,2/0/0/0/0,
201003,4,-108,0,23,0,180,0,0\0,17/0/0/0/0,
201004,4,-5,0,105,0,180,0,0\0,2/0/0/0/0,
201005,4,158,0,258,0,180,0,0\0,17/0/0/0/0,
201006,4,83,0,186,0,180,0,0\0,17/0/0/0/0,
201007,4,244,0,379,0,180,0,0\0,2/0/0/0/0,
301001,4,-606,0,455,0,180,0,0\0,2/0/0/0/0,
301002,4,-538,0,567,0,180,0,0\0,17/0/0/0/0,
301003,4,-448,0,623,0,180,0,0\0,2/0/0/0/0,
301004,4,-482,0,578,0,180,0,0\0,2/0/0/0/0,
301005,4,-435,0,774,0,180,0,0\0,17/0/0/0/0,
301006,4,-636,0,932,0,180,0,0\0,17/0/0/0/0,
301007,4,-661,0,892,0,180,0,0\0,17/0/0/0/0,
301008,4,-182,0,695,0,180,0,0\0,2/0/0/0/0,
301009,4,625,0,891,0,180,0,0\0,17/0/0/0/0,
301010,4,780,0,1081,0,180,0,0\0,17/0/0/0/0,
301011,4,717,0,1040,0,180,0,0\0,17/0/0/0/0,
301012,4,874,0,816,0,180,0,0\0,2/0/0/0/0,
301013,4,837,0,774,0,180,0,0\0,2/0/0/0/0,
1012001,3,-871,0,36,0,153,0,0\0,10/2/1/111111111111/11111/1/1/0/50/0/0,
1012002,3,-746,0,137,0,211,0,0\0,10/2/1/111111111111/11111/1/1/0/50/0/0,
1012003,3,-103,0,-13,0,315,0,0\0,1/2/1/111111111111/11111/1/1/0/50/0/0,
1012004,3,-31,0,98,0,135,0,0\0,19/3/1/111111111111/11111/1/1/0/50/0/0,
1012005,3,-113,0,213,0,135,0,0\0,19/3/1/111111111111/11111/1/1/0/50/0/0,
1012006,3,-13,0,222,0,180,0,0\0,1/2/1/111111111111/11111/1/1/0/50/0/0,
1012007,3,101,0,196,0,225,0,0\0,1/2/1/111111111111/11111/1/1/0/50/0/0,
1012008,3,106,0,261,0,135,0,0\0,19/3/1/111111111111/11111/1/1/0/50/0/0,
1012009,3,219,0,376,0,250,0,0\0,19/3/1/111111111111/11111/1/1/0/50/0/0,
1012010,3,-579,0,561,0,180,0,0\0,1/2/1/111111111111/11111/1/1/0/50/0/0,
1012011,3,-632,0,537,0,90,0,0\0,19/3/1/111111111111/11111/1/1/0/50/0/0,
1012012,3,-483,0,613,0,220,0,0\0,1/2/1/111111111111/11111/1/1/0/50/0/0,
1012013,3,-577,0,694,0,90,0,0\0,19/3/1/111111111111/11111/1/1/0/50/0/0,
1012014,3,-557,0,805,0,200,0,0\0,19/3/1/111111111111/11111/1/1/0/50/0/0,
1012015,3,-627,0,893,0,200,0,0\0,19/3/1/111111111111/11111/1/1/0/50/0/0,
1012016,3,-453,0,704,0,290,0,0\0,19/3/1/111111111111/11111/1/1/0/50/0/0,
1012017,3,-406,0,782,0,180,0,0\0,19/3/1/111111111111/11111/1/1/0/50/0/0,
1012018,3,-254,0,799,0,220,0,0\0,19/3/1/111111111111/11111/1/1/0/50/0/0,
1012019,3,627,0,797,0,220,0,0\0,19/3/1/111111111111/11111/1/1/0/50/0/0,
1012020,3,727,0,899,0,220,0,0\0,19/3/1/111111111111/11111/1/1/0/50/0/0,
1012021,3,839,0,805,0,30,0,0\0,19/3/1/111111111111/11111/1/1/0/50/0/0,
1012022,3,632,0,979,0,220,0,0\0,19/3/1/111111111111/11111/1/1/0/50/0/0,
1012023,3,595,0,968,0,160,0,0\0,19/3/1/111111111111/11111/1/1/0/50/0/0,
1012024,3,710,0,1071,0,220,0,0\0,19/3/1/111111111111/11111/1/1/0/50/0/0,
1012025,3,767,0,1122,0,180,0,0\0,19/3/1/111111111111/11111/1/1/0/50/0/0,
1012026,3,871,0,1226,0,210,0,0\0,19/3/1/111111111111/11111/1/1/0/50/0/0,

