10000,3,228,0,-73,0,248,0,0\0,4/1/1/111111111111/11111/1/1/0/50/0/0,
10001,3,239,0,-92,0,210,0,0\0,4/1/1/111111111111/11111/1/1/0/50/0/0,
10003,4,-515,-14,-307,0,180,0,0\0,3/0/0/0/0,
10004,4,-545,0,-201,0,180,0,0\0,2/0/0/0/0,
10005,4,-519,0,-228,0,345,0,0\0,5/0/0/0/0,
10006,4,-350,0,-170,0,180,0,0\0,2/0/0/0/0,
10007,4,-332,0,-236,0,180,0,0\0,3/0/0/0/0,
10008,4,-417,0,-233,0,180,0,0\0,2/0/0/0/0,
10009,4,-398,0,-194,0,180,0,0\0,2/0/0/0/0,
10010,4,-106,0,-229,0,180,0,0\0,4/0/0/0/0,
10011,4,-95,0,112,0,180,0,0\0,4/0/0/0/0,
10012,4,-167,0,107,0,180,0,0\0,3/0/0/0/0,
10013,4,-127,0,75,0,180,0,0\0,4/0/0/0/0,
10014,4,158,0,-173,0,180,0,0\0,2/0/0/0/0,
10015,4,-11,0,-195,0,180,0,0\0,2/0/0/0/0,
10016,4,106,0,-217,0,180,0,0\0,2/0/0/0/0,
10017,4,351,0,-48,0,180,0,0\0,2/0/0/0/0,
10018,4,345,0,31,0,180,0,0\0,3/0/0/0/0,
10019,4,182,0,-10,0,180,0,0\0,2/0/0/0/0,
10020,4,275,4,-33,0,180,0,0\0,4/0/0/0/0,
10021,4,398,0,-191,0,180,0,0\0,2/0/0/0/0,
10022,4,446,0,-133,0,180,0,0\0,2/0/0/0/0,
10023,4,410,0,-37,0,180,0,0\0,2/0/0/0/0,
10024,4,489,0,-61,0,180,0,0\0,2/0/0/0/0,
10025,4,550,0,-133,0,180,0,0\0,4/0/0/0/0,
10026,4,621,0,125,0,180,0,0\0,3/0/0/0/0,
10027,4,655,0,-122,0,180,0,0\0,2/0/0/0/0,
10028,4,685,0,-188,0,180,0,0\0,2/0/0/0/0,
10029,1,-85,0,-55,0,41,0,0\0,0,
10030,1,172,0,-108,0,36,0,0\0,0,
10031,1,59,5,-106,0,208,0,0\0,4,
10032,1,86,0,-97,0,161,0,0\0,4,
10033,5,-51,0,-74,0,0,0,0\0,妖精の森入口　→/4/0
10034,5,-95,0,-107,0,0,0,0\0,橋修理中　通行止め/4/0
10035,5,127,0,-85,0,0,0,0\0,木こりオレガノの家/4/0
10036,4,-305,0,-150,0,180,0,0\0,2/0/0/0/0,
10037,4,-359,0,-159,0,180,0,0\0,2/0/0/0/0,
10038,4,50,0,-162,0,180,0,0\0,2/0/0/0/0,
10039,4,109,0,-147,0,180,0,0\0,2/0/0/0/0,
10040,4,51,0,-207,0,180,0,0\0,2/0/0/0/0,
10041,4,21,0,-228,0,180,0,0\0,2/0/0/0/0,
10002,9,-17,0,138,0,180,0,0\0,0\0\0\0\1\0\Game/Gimmick/Gimmick_Taru001
10002,9,-10,0,146,0,180,0,0\0,0\0\0\0\1\0\Game/Gimmick/Gimmick_Taru001
10002,9,-4,0,152,0,180,0,0\0,0\0\0\0\1\0\Game/Gimmick/Gimmick_Taru001
10002,9,-41,0,135,0,180,0,0\0,0\0\0\0\1\0\Game/Gimmick/Gimmick_Taru001
10010,8,-577,0,89,0,0,0,0\0,3/Field
10010,8,437,0,671,0,0,0,0\0,3/Field
10010,8,83,0,-21,0,0,0,0\0,3/Field
10010,8,305,0,-765,0,0,0,0\0,3/Field

