1810010001,3,-7,0,185,0,180,0,0\0,41/2/3//00000/1/1/0/50/1/0,
1810010002,3,-39,0,166,0,110,0,0\0,38/2/3//00000/1/1/0/50/1/0,
1810010003,3,27,0,185,0,200,0,0\0,38/2/3//00000/1/1/0/50/1/0,
1810010004,3,44,0,152,0,260,0,0\0,41/2/3//00000/1/1/0/50/1/0,
1810010005,3,-43,0,136,0,75,0,0\0,41/2/3//00000/1/1/0/50/1/0,
11103,3,-21,0,163,0,180,0,0\0,11/3/3/111111111111/11111/1/1/0/50/0/0,
11503,3,2,0,166,0,180,0,0\0,15/3/3/111111111111/11111/1/1/0/50/0/0,
111504,3,27,0,163,0,180,0,0\0,15/4/3/111111111111/11111/1/1/0/50/0/0,
110409,3,-7,0,137,0,180,0,0\0,4/9/3/111111111111/11111/1/1/0/50/0/0,
110306,3,17,0,138,0,180,0,0\0,3/6/3/111111111111/11111/1/1/0/50/0/0,
114001,11,-7,0,99,1,180,1,0\0,9050/2/111111111111/11111/-1/kourin_ADV_02,
114002,11,35,-1,119,1,45,1,0\0,2001/2/111111111111/11111/-1/kourin_ADV_03,

