301001,4,348,-31,-169,0,217,0,0\0,5/0/0/0/0,
301002,4,324,-31,-124,0,45,0,0\0,20/0/0/0/0,
800020013,3,369,-33,-179,0,0,0,0\0,16/1/3/111111111111/11111/1/1/0/50/1/0,
800020009,3,389,-33,-179,0,330,0,0\0,18/4/3/111111111111/11111/1/1/0/50/1/0,
309001,8,373,-32,-158,0,0,0,0\0,21/DungeonWayPoint
209006,5,404,-32,-169,0,45,0,0\0,Mermaid Rock<br><br>「After it's collasping, mermaid-like monsters gather here. It's a dangerous place.」/4/3
309002,1,371,-20,-118,0,0,0,0\0,6,
309003,1,353,-20,-114,0,0,0,0\0,6,
309004,1,335,-20,-100,0,0,0,0\0,6,
309005,1,297,-20,-164,0,0,0,0\0,6,
107012,12,361,-33,-161,0,0,0,0\0,
107006,12,387,-33,-170,0,0,0,0\0,
107007,12,383,-33,-166,0,0,0,0\0,

