10000,4,-685,35,-287,0,180,0,0,3/0/0/0/0,
10001,4,-558,-14,-292,0,180,0,0,3/0/0/0/0,
10002,4,-547,0,-201,0,180,0,0,4/0/0/0/0,
10003,4,-519,0,-228,0,345,0,0,5/0/0/0/0,
10012,4,-580,-15,-106,0,180,0,0,3/0/0/0/0,
10013,4,-370,0,-200,0,180,0,0,9/0/0/0/0,
10026,4,-616,-11,-297,0,117,0,0,5/0/0/0/0,
10027,4,-536,0,-98,0,180,0,0,3/0/0/0/0,
10028,4,-529,0,-121,0,180,0,0,3/0/0/0/0,
10029,4,-556,0,-98,0,180,0,0,3/0/0/0/0,
10017,3,-620,-6,-265,0,153,0,0,8/1/1/111111111111/11111/1/1/0/50/0/0,
10018,3,-489,0,-223,0,210,0,0,8/1/1/111111111111/11111/1/1/0/50/0/0,
10024,3,-560,0,-249,0,236,0,0,3/1/1/111111111111/11111/1/1/0/50/0/0,
10006,9,-578,0,-227,0,0,0,0,0\0\0\0\1\Game/Gimmick/Gimmick_breakwall03_01
10007,9,-544,0,-192,0,0,0,0,0\0\0\0\1\Game/Gimmick/Gimmick_breakwall03_02
10015,9,-535,-15,-303,0,0,0,0,0\0\0\0\1\Game/Gimmick/Gimmick_IceBomb_Point
10016,9,-583,-15,-294,0,0,0,0,0\0\0\0\1\Game/Gimmick/Gimmick_IceBomb_Point
10020,9,-655,-10,-305,0,113,0,0,-0.5\0\0.75\1\3\Game/Gimmick/Gimmick_GrowthBomb_Root
10021,9,-570,-15,-117,0,236,0,0,-0.5\0\0.75\1\1.5\Game/Gimmick/Gimmick_GrowthBomb_Root
10025,6,-619,-16,-328,0,0,0,0,\Game/Gimmick/Gimmick_Boat_Area02
13001,9,-517,-14,-311,0,0,0,0,0\0\0\0\3\Game/Gimmick/Gimmick_Taru002
10010,8,-427,0,-195,0,0,0,0,3/Field
10014,5,-462,4,-190,0,0,0,0,←White Lotus Pool<br>House of count Rose Hip, the lord of Rose Ridge→/4
15006,12,-459,0,-215,0,180,0,0,

