201006,4,-109,-47,101,0,180,0,0\0,4/0/0/0/0,
201007,4,-36,-4,142,0,180,0,0\0,4/0/0/0/0,
201008,4,100,-1,162,0,180,0,0\0,4/0/0/0/0,
201009,4,101,-60,85,0,180,0,0\0,4/0/0/0/0,
201010,4,267,-4,144,0,180,0,0\0,4/0/0/0/0,
202001,3,-102,-38,116,0,140,0,0\0,2/2/1/111111111111/11111/1/1/0/50/0/0,
202002,3,50,-38,123,0,179,0,0\0,2/2/1/111111111111/11111/1/1/0/50/0/0,
202003,3,228,-47,103,0,285,0,0\0,2/2/1/111111111111/11111/1/1/0/50/0/0,
70002,13,27,-4,149,0,0,0,0\0,-3.92\0.00\0.34\0.5\4.05\0.00\0.76\0.5\Game/Gimmick/Gimmick_WindBomb_Point_Mega
70003,13,-69,-8,142,0,0,0,0\0,-1.62\0.33\1.05\0.5\2.40\0.42\0.76\0.5\Game/Gimmick/Gimmick_WindBomb_Point
70005,9,-92,-37,128,0,0,0,0\0,0\0\0\0\3\180\Game/Gimmick/Gimmick_GrowthBomb_Root
70006,9,225,-43,125,0,0,0,0\0,0\0\0\0\4\180\Game/Gimmick/Gimmick_GrowthBomb_Root
70007,13,-45,-24,121,0,0,0,0\0,1.78\2.03\1.74\0.3\2.35\-0.70\-0.29\0.3\Game/Gimmick/Gimmick_WindBomb_Point
70008,13,72,-67,84,0,0,0,0\0,-1.42\-0.20\0.15\0.3\1.81\0.54\0.01\0.5\Game/Gimmick/Gimmick_WindBomb_Point
70009,9,-27,-10,178,0,0,0,0\0,0\0\0\0\1\0\Game/Gimmick/Gimmick_Break_Rock02
70011,9,112,-2,164,0,0,0,0\0,0\0\0\0\1\0\Game/Gimmick/Gimmick_Taru002
20000,8,-87,-49,103,0,0,0,0\0,35/Field
20000,8,247,-49,110,0,0,0,0\0,36/Field

