20000,3,-6,0,-19,0,90,0,0\0,31/5/1/111111111111/11111/1/1/0/50/0/0,
20001,3,-157,0,26,0,90,0,0\0,31/5/1/111111111111/11111/1/1/0/50/0/0,
20002,3,-378,0,-90,0,90,0,0\0,31/5/1/111111111111/11111/1/1/0/50/0/0,
20003,3,-445,0,-123,0,180,0,0\0,31/5/1/111111111111/11111/1/1/0/50/0/0,
200016012,3,-451,0,-83,0,180,0,0\0,31/5/3/111111111111/11111/1/1/0/50/1/0,
900000008,3,-423,0,-83,0,180,0,0\0,31/5/3/111111111111/11111/1/1/0/50/1/0,
200016013,3,-560,0,-126,0,30,0,0\0,31/5/3/111111111111/11111/1/1/0/50/1/0,
900000055,3,-533,0,-110,0,150,0,0\0,31/5/3/111111111111/11111/1/1/0/50/1/0,
900000059,3,-555,0,-103,0,150,0,0\0,31/5/3/111111111111/11111/1/1/0/50/1/0,
60000,12,-505,0,-122,0,180,0,0\0,
60001,12,-450,0,-122,0,180,0,0\0,
30000,4,9,0,23,0,180,0,0\0,2/0/0/0/0,
30001,4,-358,0,22,0,180,0,0\0,1/0/0/0/0,
30002,4,-365,0,-204,0,180,0,0\0,1/0/0/0/0,
30003,4,-454,0,-215,0,180,0,0\0,1/0/0/0/0,
30004,4,-126,0,-19,0,180,0,0\0,17/0/0/0/0,
30005,4,-340,0,-63,0,180,0,0\0,17/0/0/0/0,
30006,4,-567,0,-100,0,180,0,0\0,17/0/0/0/0,
30007,4,-540,0,-137,0,180,0,0\0,17/0/0/0/0,
30008,4,-580,0,-140,0,180,0,0\0,17/0/0/0/0,
40000,9,-450,0,-60,0,0,0,0\0,0\0\0\0\1\0\Game/Gimmick/Gimmick_Taru002
40001,9,-453,0,-70,0,180,0,0\0,0\0\0\0\1\0\Game/Gimmick/Gimmick_Taru001
40002,9,-443,0,-70,0,180,0,0\0,0\0\0\0\1\0\Game/Gimmick/Gimmick_Taru001
200016006,6,-585,0,-110,0,0,0,2\2\200016006,\Game/Gimmick/Gimmick_dunge_Rock

