1,4,549,0,614,0,180,0,0\0,2/0/0/0/0,
2,4,844,0,601,0,180,0,0\0,2/0/0/0/0,
3,4,615,0,628,0,180,0,0\0,9/0/0/0/0,
4,4,2,0,-109,0,180,0,0\0,2/0/0/0/0,
101,3,488,0,453,0,180,0,0\0,31/1/1/111111111111/11111/1/1/0/50/0/0,
102,3,626,0,517,0,180,0,0\0,3/1/3/111111111111/11111/1/1/0/50/0/0,
201,11,-47,0,-19,0,270,0,0\0,1002/1/111111111111/11111/-1/,
202,11,-60,0,-70,0,212,0,0\0,9050/0/111111111111/11111/-1/TipsADV_001,
203,11,-101,0,-25,0,125,0,0\0,9051/0/111111111111/11111/-1/TipsADV_002,
1,4,549,0,614,0,180,0,0\0,2/0/0/0/0,
2,4,844,0,601,0,180,0,0\0,2/0/0/0/0,
3,4,615,0,628,0,180,0,0\0,9/0/0/0/0,

