30001,4,231,0,-178,0,180,0,0\0,13/0/0/0/0,
30016,4,247,4,-15,0,180,0,0\0,16/0/0/0/0,
30017,4,211,0,-173,0,180,0,0\0,2/0/0/0/0,
30018,4,398,0,-191,0,180,0,0\0,2/0/0/0/0,
30019,4,448,0,-133,0,180,0,0\0,2/0/0/0/0,
30020,4,410,0,-37,0,180,0,0\0,2/0/0/0/0,
30027,4,234,0,-22,0,180,0,0\0,12/0/0/0/0,
30028,4,285,0,-137,0,180,0,0\0,12/0/0/0/0,
30034,4,412,0,-113,0,180,0,0\0,1/0/0/0/0,
40000,4,563,0,122,0,41,0,0\0,13/0/0/0/0,
40001,4,660,0,-155,0,36,0,0\0,13/0/0/0/0,
40008,4,646,0,-128,0,180,0,0\0,2/0/0/0/0,
40009,4,685,0,-175,0,180,0,0\0,2/0/0/0/0,
40010,4,556,0,-134,0,180,0,0\0,9/0/0/0/0,
40017,4,709,3,-118,0,180,0,0\0,11/0/0/0/0,
40018,4,706,4,-140,0,180,0,0\0,11/0/0/0/0,
40020,4,743,0,-19,0,80,0,0\0,14/67.10363/0/-24.9/1,
40021,4,619,0,93,0,41,0,0\0,1/0/0/0/0,
30033,3,662,0,-174,0,34,0,0\0,3/1/1/111111111111/11111/1/1/0/50/0/0,
40016,3,655,0,-113,0,147,0,0\0,3/1/1/111111111111/11111/1/1/0/50/0/0,
100009003,3,275,0,-46,0,147,0,0\0,17/1/3/111111111111/11111/1/1/0/50/1/0,
500006006,3,658,0,-73,0,63,0,0\0,17/1/3/111111111111/11111/1/1/0/50/1/0,
800019002,3,294,0,-155,0,230,0,0\0,17/1/3/111111111111/11111/1/1/0/50/1/0,
800019003,3,294,0,-155,0,230,0,0\0,17/1/3/111111111111/11111/1/1/0/50/1/0,
800019004,3,294,0,-155,0,230,0,0\0,17/1/3/111111111111/11111/1/1/0/50/1/0,
800019005,3,294,0,-155,0,230,0,0\0,17/1/3/111111111111/11111/1/1/0/50/1/0,
800019006,3,294,0,-155,0,230,0,0\0,17/1/3/111111111111/11111/1/1/0/50/1/0,
800019007,3,294,0,-155,0,230,0,0\0,17/1/3/111111111111/11111/1/1/0/50/1/0,
800019008,3,294,0,-155,0,230,0,0\0,17/1/3/111111111111/11111/1/1/0/50/1/0,
100032005,3,230,0,-30,0,190,0,0\0,8/4/3/111111111111/11111/1/1/0/50/1/0,
800033001,3,254,0,-19,0,145,0,0\0,17/1/3/111111111111/11111/1/1/0/50/1/0,
800033002,3,299,0,-20,0,210,0,0\0,31/12/3/111111111111/11111/1/1/0/50/1/0,
500027002,3,272,0,-182,0,180,0,0\0,31/19/3/111111111111/11111/1/1/0/50/1/0,
13002,9,600,0,133,0,0,0,0\0,0\0\0\0\3\0\Game/Gimmick/Gimmick_Taru002
14001,11,681,0,-52,0,271,0,0\0,1010/2/111111111111/11111/-1/,
14003,11,294,0,-172,0,180,0,0\0,1010/2/111111111111/11111/-1/,
14004,11,259,0,-168,0,180,0,0\0,1010/2/111111111111/11111/-1/,
14005,11,260,0,-139,0,180,0,0\0,1010/2/111111111111/11111/-1/,
14006,11,274,0,-125,0,180,0,0\0,1010/2/111111111111/11111/-1/,
803301,11,266,0,-5,0,145,0,0\0,3012/0/111111111111/11111/-1/EV_033_002_010,
803302,11,288,0,-6,0,190,0,0\0,3013/0/111111111111/11111/-1/EV_033_003_010,
15001,12,683,0,-40,0,180,0,0\0,
15004,12,274,0,-166,0,180,0,0\0,
15007,12,274,0,10,0,180,0,0\0,
5027002,12,253,0,-180,0,180,0,0\0,
30004,1,124,0,-203,0,36,0,0\0,1,
30005,1,255,0,-204,0,36,0,0\0,1,
30006,1,294,0,-210,0,36,0,0\0,1,
30007,1,390,0,-144,0,36,0,0\0,1,
30008,1,390,10,-144,0,36,0,0\0,5,
30009,1,294,10,-210,0,36,0,0\0,5,
30010,1,255,10,-204,0,36,0,0\0,5,
30012,1,224,10,-139,0,36,0,0\0,5,
30014,5,297,5,-116,0,0,0,0\0,Rose Hip Mansion/3/0
40003,5,672,0,-25,0,0,0,0\0,→：Woofer/4/0
40004,5,674,0,116,0,0,0,0\0,→：To Arteria/4/0
40005,5,571,0,145,0,0,0,0\0,↑：Sky Sword of Celsa<br><br>「Climbing Forbidden Path Blocked」/4/0
40007,8,248,0,-169,0,0,0,0\0,5/Field
40011,8,693,0,-93,0,0,0,0\0,17/Field

