1011001,4,-120,0,-32,0,180,0,0\0,16/0/0/0/0,
1011002,4,-185,0,102,0,180,0,0\0,2/0/0/0/0,
1011003,4,-172,0,-70,0,180,0,0\0,2/0/0/0/0,
1011004,4,-156,0,26,0,180,0,0\0,9/0/0/0/0,
1011005,4,-115,0,-54,0,180,0,0\0,2/0/0/0/0,
1011006,4,-124,0,30,0,180,0,0\0,15/0/0/0/0,
1011007,4,-182,0,128,0,180,0,0\0,16/0/0/0/0,
1011008,4,-262,0,-49,0,180,0,0\0,2/0/0/0/0,
1011009,4,-149,0,134,0,180,0,0\0,1/0/0/0/0,
1011010,4,-136,0,118,0,180,0,0\0,17/0/0/0/0,
1011011,4,-197,0,-15,0,180,0,0\0,1/0/0/0/0,
1012001,3,-184,0,-27,0,153,0,0\0,8/1/1/111111111111/11111/1/1/0/50/0/0,
1012002,3,-131,0,-54,0,194,0,0\0,7/3/1/111111111111/11111/1/1/0/50/0/0,
1012003,3,-182,0,38,0,159,0,0\0,7/3/1/111111111111/11111/1/1/0/50/0/0,
1012004,3,-107,0,15,0,200,0,0\0,8/1/1/111111111111/11111/1/1/0/50/0/0,
200008007,3,-162,0,119,0,196,0,0\0,31/6/3/111111111111/11111/1/1/0/50/1/2,

