401001,4,768,0,-455,0,0,0,0\0,17/0/0/0/0,
401002,4,742,-1,-302,0,0,0,0\0,17/0/0/0/0,
401004,4,24,0,-184,0,0,0,0\0,16/0/0/0/0,
401005,4,-68,0,-442,0,180,0,0\0,16/0/0/0/0,
401006,4,336,0,-421,0,180,0,0\0,16/0/0/0/0,
401007,4,162,0,-300,0,180,0,0\0,2/0/0/0/0,
401008,4,152,0,-103,0,180,0,0\0,2/0/0/0/0,
401010,4,629,0,-558,0,180,0,0\0,2/0/0/0/0,
401011,4,479,0,-435,0,180,0,0\0,2/0/0/0/0,
401013,4,-4,0,-297,0,180,0,0\0,15/0/0/0/0,
401014,4,712,0,-291,0,180,0,0\0,15/0/0/0/0,
401015,4,266,0,-483,0,180,0,0\0,8/0/0/0/0,
401016,4,771,0,-300,0,180,0,0\0,4/0/0/0/0,
401017,4,133,0,-447,0,41,0,0\0,13/0/0/0/0,
401021,4,599,0,-590,0,41,0,0\0,18/0/0/0/0,
402001,3,17,0,-104,0,190,0,0\0,31/1/1/111111111111/11111/1/1/0/50/0/0,
402002,3,-131,0,-463,0,30,0,0\0,31/1/1/111111111111/11111/1/1/0/50/0/0,
402003,3,14,0,-194,0,42,0,0\0,2/2/1/111111111111/11111/1/1/0/50/0/0,
402004,3,-34,0,-151,0,90,0,0\0,2/2/1/111111111111/11111/1/1/0/50/0/0,
402005,3,127,0,-289,0,90,0,0\0,2/2/1/111111111111/11111/1/1/0/50/0/0,
402006,3,158,0,-378,0,180,0,0\0,2/2/1/111111111111/11111/1/1/0/50/0/0,
402007,3,294,0,-488,0,348,0,0\0,15/1/1/111111111111/11111/1/1/0/50/0/0,
402008,3,268,0,-423,0,130,0,0\0,15/1/1/111111111111/11111/1/1/0/50/0/0,
402009,3,-20,0,-440,0,110,0,0\0,4/1/1/111111111111/11111/1/1/0/50/0/0,
402010,3,154,0,-141,0,190,0,0\0,19/1/1/111111111111/11111/1/1/0/50/0/0,
402011,3,12,0,-276,0,180,0,0\0,19/1/1/111111111111/11111/1/1/0/50/0/0,
402012,3,170,0,-436,0,180,0,0\0,19/1/1/111111111111/11111/1/1/0/50/0/0,
402013,3,316,0,-411,0,175,0,0\0,15/1/1/111111111111/11111/1/1/0/50/0/0,
402014,3,461,0,-429,0,175,0,0\0,15/1/1/111111111111/11111/1/1/0/50/0/0,
402015,3,588,0,-473,0,350,0,0\0,15/1/1/111111111111/11111/1/1/0/50/0/0,
402016,3,771,0,-441,0,270,0,0\0,15/1/1/111111111111/11111/1/1/0/50/0/0,
402017,3,628,0,-568,0,270,0,0\0,15/1/1/111111111111/11111/1/1/0/50/0/0,
402018,3,588,0,-598,0,180,0,0\0,15/1/1/111111111111/11111/1/1/0/50/0/0,
402019,3,611,0,-648,0,190,0,0\0,15/1/1/111111111111/11111/1/1/0/50/0/0,
800028079,3,286,0,-444,0,90,0,0\0,15/4/3/111111111111/11111/1/1/0/50/1/1,
403001,9,-142,0,-439,0,180,0,0\0,0\0\0\0\1\0\Game/Gimmick/Gimmick_Taru001
403002,9,-154,0,-449,0,180,0,0\0,0\0\0\0\1\0\Game/Gimmick/Gimmick_Taru001
403003,9,-142,0,-449,0,180,0,0\0,0\0\0\0\1\0\Game/Gimmick/Gimmick_Taru001
403004,9,-154,0,-439,0,0,0,0\0,0\0\0\0\1\0\Game/Gimmick/Gimmick_Taru002
403005,9,755,0,-393,0,347,0,0\0,-0.5\0\0.75\1\1\0\Game/Gimmick/Gimmick_tree001
403006,9,745,0,-384,0,356,0,0\0,-0.5\0\0.75\1\1\0\Game/Gimmick/Gimmick_tree001
800028076,12,341,0,-447,0,180,0,0\0,

