201003,4,-455,-34,-46,0,0,0,0\0,17/0/0/0/0,
201004,4,-360,-34,-13,0,0,0,0\0,17/0/0/0/0,
201006,4,-489,-28,2,0,180,0,0\0,5/0/0/0/0,
201001,4,-480,-27,-68,0,0,0,0\0,19/0/0/0/0,
201002,4,-430,-33,36,0,90,0,0\0,19/0/0/0/0,
201005,4,-487,-22,-100,0,0,0,0\0,8/0/0/0/0,
201007,4,-472,-31,18,0,315,0,0\0,20/0/0/0/0,
201008,4,-475,-31,-56,0,270,0,0\0,20/0/0/0/0,
201009,4,-379,-31,-76,0,315,0,0\0,20/0/0/0/0,
202001,3,-418,-32,51,0,180,0,0\0,18/1/1/111111111111/11111/1/1/0/50/0/0,
800020010,3,-512,-20,-105,0,40,0,0\0,6/1/3/111111111111/11111/1/1/0/50/1/0,
800020011,3,-512,-20,-105,0,40,0,0\0,6/2/3/111111111111/11111/1/1/0/50/1/0,
202002,3,-385,-32,20,0,270,0,0\0,1/2/1/111111111111/11111/1/1/0/50/0/0,
100018003,3,-521,-23,-104,0,45,0,0\0,18/1/3/111111111111/11111/1/1/0/50/1/0,
107008,12,-483,-20,-91,0,0,0,0\0,
207001,12,-510,-23,-94,0,180,0,0\0,
209001,8,-510,-13,55,0,0,0,0\0,19/Field
209002,8,-395,-32,-110,0,0,0,0\0,20/Field
209006,5,-394,-33,49,0,180,0,0\0,皮斯科海岸<br><br>←：漁村「皮斯科」<br>→：海底神殿<br>↓ ：離岸小島/4/3
209007,5,-361,-35,-66,0,60,0,0\0,海底神殿奧艾斯·雷吉亞/4/6
209008,5,-457,-34,25,0,186,0,0\0,漁村「皮斯科」/4/6
209009,5,-490,-23,-83,0,308,0,0\0,離岸小島/4/3
209003,1,-432,6,3,0,0,0,0\0,6,
209004,1,-400,-10,-44,0,0,0,0\0,6,
209005,1,-485,-10,-21,0,0,0,0\0,6,

