101001,4,-310,3,406,0,0,0,0\0,17/0/0/0/0,
101002,4,-341,7,435,0,0,0,0\0,16/0/0/0/0,
101006,4,-281,0,385,0,180,0,0\0,8/0/0/0/0,
101007,4,-271,0,372,0,112,0,0\0,5/0/0/0/0,
101008,4,-281,0,311,0,62,0,0\0,19/0/0/0/0,
102001,3,-311,11,456,0,249,0,0\0,31/1/1/111111111111/11111/1/1/0/50/0/0,
102002,3,-336,7,421,0,12,0,0\0,2/2/1/111111111111/11111/1/1/0/50/0/0,
102003,3,-321,1,378,0,13,0,0\0,4/1/1/111111111111/11111/1/1/0/50/0/0,
109002,1,-350,32,267,0,17,0,0\0,6,
109003,1,-310,28,245,0,11,0,0\0,6,
109004,1,-270,18,272,0,11,0,0\0,6,

