1021001,4,189,0,12,0,180,0,0\0,2/0/0/0/0,
1021002,4,162,0,84,0,180,0,0\0,9/0/0/0/0,
1021003,4,119,0,219,0,180,0,0\0,17/0/0/0/0,
1021004,4,66,0,150,0,180,0,0\0,15/0/0/0/0,
1021005,4,300,0,96,0,180,0,0\0,17/0/0/0/0,
1021007,4,123,0,32,0,180,0,0\0,16/0/0/0/0,
1021010,4,383,0,68,0,180,0,0\0,9/0/0/0/0,
1021013,4,52,0,206,0,180,0,0\0,1/0/0/0/0,
1022001,3,195,0,39,0,217,0,0\0,8/1/1/111111111111/11111/1/1/0/50/0/0,
1022002,3,92,0,203,0,153,0,0\0,8/1/1/111111111111/11111/1/1/0/50/0/0,
1022003,3,119,0,157,0,194,0,0\0,7/1/1/111111111111/11111/1/1/0/50/0/0,
1022004,3,104,0,40,0,156,0,0\0,7/1/1/111111111111/11111/1/1/0/50/0/0,
1022005,3,148,0,66,0,209,0,0\0,7/1/1/111111111111/11111/1/1/0/50/0/0,
1022006,3,299,0,84,0,179,0,0\0,7/1/1/111111111111/11111/1/1/0/50/0/0,
1022007,3,394,0,65,0,186,0,0\0,7/1/1/111111111111/11111/1/1/0/50/0/0,
1022008,3,69,0,165,0,135,0,0\0,7/1/1/111111111111/11111/1/1/0/50/0/0,
1022009,3,134,0,-3,0,315,0,0\0,7/1/1/111111111111/11111/1/1/0/50/0/0,

