101002,4,-114,12,66,0,180,0,0\0,4/0/0/0/0,
101003,4,-146,-16,14,0,180,0,0\0,4/0/0/0/0,
101004,4,100,-21,2,0,180,0,0\0,4/0/0/0/0,
101005,4,151,24,51,0,180,0,0\0,4/0/0/0/0,
102001,3,-172,-9,28,0,107,0,0\0,31/1/1/111111111111/11111/1/1/0/50/0/0,
102002,3,-85,-18,10,0,27,0,0\0,2/2/1/111111111111/11111/1/1/0/50/0/0,
102003,3,40,-15,25,0,64,0,0\0,4/1/1/111111111111/11111/1/1/0/50/0/0,
102004,3,139,-21,-1,0,290,0,0\0,31/1/1/111111111111/11111/1/1/0/50/0/0,
102005,3,126,23,47,0,17,0,0\0,31/1/1/111111111111/11111/1/1/0/50/0/0,
70001,13,-31,-15,34,0,0,0,0\0,3.46\0.00\1.15\0.5\-3.56\0.00\-0.63\0.5\Game/Gimmick/Gimmick_WindBomb_Point_Mega
70004,9,97,-13,32,0,0,0,0\0,0\0\0.45\1\3\180\Game/Gimmick/Gimmick_GrowthBomb_Root
70010,9,155,-23,10,0,0,0,0\0,0\0\0\0\1\0\Game/Gimmick/Gimmick_Taru002
10000,8,-120,14,85,0,0,0,0\0,33/Field
10000,8,125,-18,18,0,0,0,0\0,34/Field

