501001,4,-137,0,614,0,0,0,0\0,17/0/0/0/0,
501002,4,-270,0,464,0,0,0,0\0,17/0/0/0/0,
501003,4,-20,0,312,0,0,0,0\0,17/0/0/0/0,
501004,4,-166,0,151,0,0,0,0\0,16/0/0/0/0,
501005,4,-159,1,327,0,270,0,0\0,5/0/0/0/0,
501008,4,13,1,124,0,90,0,0\0,5/0/0/0/0,
501009,4,-200,0,-2,0,0,0,0\0,2/0/0/0/0,
501006,4,-8,0,171,0,0,0,0\0,8/0/0/0/0,
501007,4,-11,0,130,0,0,0,0\0,8/0/0/0/0,
501010,4,-112,0,3,0,0,0,0\0,19/0/0/0/0,
501011,4,-196,1,457,0,0,0,0\0,20/0/0/0/0,
501012,4,-138,1,418,0,90,0,0\0,20/0/0/0/0,
501013,4,-121,1,290,0,160,0,0\0,20/0/0/0/0,
501014,4,-157,1,69,0,270,0,0\0,20/0/0/0/0,
501015,4,-52,1,-9,0,220,0,0\0,20/0/0/0/0,
502001,3,-192,0,600,0,90,0,0\0,31/3/1/111111111111/11111/1/1/0/100/0/0,
502002,3,-145,0,510,0,180,0,0\0,18/1/1/111111111111/11111/1/1/0/50/0/0,
502003,3,11,0,286,0,270,0,0\0,18/1/1/111111111111/11111/1/1/0/50/0/0,
502004,3,-60,0,140,0,270,0,0\0,18/1/1/111111111111/11111/1/1/0/50/0/0,
502006,3,-127,0,110,0,0,0,0\0,4/2/1/111111111111/11111/1/1/0/50/0/0,
502005,3,-193,0,174,0,180,0,0\0,1/2/1/111111111111/11111/1/1/0/50/0/0,
503001,9,-163,0,488,0,0,0,0\0,0\0\0\0\1\0\Game/Gimmick/Gimmick_Break_Rock02
503002,9,-139,0,538,0,0,0,0\0,0\0\0\0\1\0\Game/Gimmick/Gimmick_Break_Rock02
503003,9,-170,0,176,0,0,0,0\0,0\0\0\0\1\0\Game/Gimmick/Gimmick_Break_Rock02
503004,9,-123,0,144,0,0,0,0\0,0\0\0\0\1\0\Game/Gimmick/Gimmick_Break_Rock02
503005,9,-152,0,127,0,0,0,0\0,0\0\0\0\1\0\Game/Gimmick/Gimmick_Break_Rock02
509001,1,-37,-30,328,0,0,0,0\0,6,
509002,1,51,-30,344,0,0,0,0\0,6,
509003,1,51,-30,169,0,0,0,0\0,6,
509004,1,-56,-30,25,0,0,0,0\0,6,

