801001,4,5,0,178,0,180,0,0\0,2/0/0/0/0,
801002,4,-141,-1,7,0,180,0,0\0,2/0/0/0/0,
801003,4,-100,-1,18,0,180,0,0\0,2/0/0/0/0,
802001,3,-140,0,18,0,13,0,0\0,10/1/1/111111111111/11111/1/1/0/50/0/0,
802002,3,-105,0,14,0,55,0,0\0,11/1/1/111111111111/11111/1/1/0/50/0/0,
802003,3,-12,0,36,0,116,0,0\0,41/3/1/111111111111/11111/1/1/0/50/0/0,
802004,3,-88,0,123,0,87,0,0\0,41/3/1/111111111111/11111/1/1/0/50/0/0,
100035003,3,25,0,169,0,196,0,0\0,15/4/3/111111111111/11111/1/1/0/50/1/0,
803001,9,-16,-2,13,0,90,0,0\0,0\0\0\0\1\0\Game/Gimmick/Gimmick_Break_Rock02
803002,9,29,0,206,0,0,0,0\0,0\0\0\0\1\0\Game/Gimmick/Gimmick_Break_Rock02
803003,9,57,0,184,0,180,0,0\0,0\0\0\0\1\0\Game/Gimmick/Gimmick_Break_Rock02
803004,9,44,0,129,0,0,0,0\0,0\0\0\0\1\0\Game/Gimmick/Gimmick_Break_Rock02
803005,9,-44,0,105,0,0,0,0\0,0\0\0\0\1\0\Game/Gimmick/Gimmick_Break_Rock02
803006,9,-120,0,125,0,59,0,0\0,0\0\0\0\1\0\Game/Gimmick/Gimmick_Break_Rock02
803007,9,-100,0,-1,0,112,0,0\0,0\0\0\0\1\0\Game/Gimmick/Gimmick_Break_Rock02
803008,9,-131,0,42,0,162,0,0\0,0\0\0\0\1\0\Game/Gimmick/Gimmick_Break_Rock02
807001,12,1,0,96,0,180,0,0\0,

