20000,3,-38,20,47,0,174,0,0\0,31/5/1/111111111111/11111/1/1/0/50/0/0,
20001,3,4,0,-43,0,200,0,0\0,30/3/1/111111111111/11111/1/1/0/50/0/0,
20002,3,-4,0,51,0,156,0,0\0,30/3/1/111111111111/11111/1/1/0/50/0/0,
20003,3,-30,20,0,0,156,0,0\0,2/1/1/111111111111/11111/1/1/0/50/0/0,
20004,3,-40,20,-50,0,145,0,0\0,10/1/1/111111111111/11111/1/1/0/50/0/0,
20005,3,60,20,23,0,145,0,0\0,10/1/1/111111111111/11111/1/1/0/50/0/0,
20006,3,70,20,-20,0,145,0,0\0,10/1/1/111111111111/11111/1/1/0/50/0/0,
40000,9,-50,0,-35,0,180,0,0\0,0\0\0\0\1\0\Game/Gimmick/Gimmick_Break_Rock01
40001,9,-70,0,-50,0,180,0,0\0,0\0\0\0\1\0\Game/Gimmick/Gimmick_Break_Rock01
40002,9,-60,0,-43,0,180,0,0\0,0\0\0\0\1\0\Game/Gimmick/Gimmick_Break_Rock01
40003,13,96,20,45,0,0,0,0\0,0.00\0.20\1.50\0.5\0.00\0.20\-1.70\0.5\Game/Gimmick/Gimmick_WindBomb_Point
30000,4,124,20,-4,0,180,0,0\0,2/0/0/0/0,
30001,4,30,0,43,0,180,0,0\0,3/0/0/0/0,
30002,4,131,0,46,0,180,0,0\0,3/0/0/0/0,
30003,4,-31,20,53,0,180,0,0\0,3/0/0/0/0,
30004,4,104,20,25,0,180,0,0\0,3/0/0/0/0,
30005,4,-44,20,-2,0,180,0,0\0,3/0/0/0/0,
30006,4,119,20,-105,0,180,0,0\0,15/0/0/0/0,
30007,4,-60,0,-33,0,180,0,0\0,1/0/0/0/0,
30008,4,-81,0,-45,0,180,0,0\0,1/0/0/0/0,
30009,4,-70,0,-30,0,180,0,0\0,1/0/0/0/0,

