301001,4,338,-29,279,0,0,0,0\0,17/0/0/0/0,
301003,4,322,20,392,0,0,0,0\0,16/0/0/0/0,
301005,4,315,7,321,0,0,0,0\0,16/0/0/0/0,
301008,4,253,8,335,0,0,0,0\0,16/0/0/0/0,
301009,4,290,-32,252,0,180,0,0\0,2/0/0/0/0,
301014,4,281,28,408,0,41,0,0\0,13/0/0/0/0,
301016,4,293,13,346,0,232,0,0\0,18/0/0/0/0,
301019,4,228,18,370,0,41,0,0\0,18/0/0/0/0,
302001,3,289,-27,257,0,30,0,0\0,2/2/3/111111111111/11111/1/1/0/50/0/0,
302002,3,351,15,363,0,237,0,0\0,2/2/1/111111111111/11111/1/1/0/50/0/0,
302003,3,266,10,341,0,120,0,0\0,2/2/1/111111111111/11111/1/1/0/50/0/0,
302004,3,215,19,378,0,96,0,0\0,2/2/1/111111111111/11111/1/1/0/50/0/0,
302005,3,309,1,310,0,270,0,0\0,2/2/1/111111111111/11111/1/1/0/50/0/0,
302006,3,330,18,394,0,224,0,0\0,15/1/1/111111111111/11111/1/1/0/50/0/0,
302007,3,306,15,353,0,253,0,0\0,15/1/1/111111111111/11111/1/1/0/50/0/0,
302008,3,259,18,390,0,249,0,0\0,15/1/1/111111111111/11111/1/1/0/50/0/0,
302011,3,338,-29,274,0,270,0,0\0,4/1/3/111111111111/11111/1/1/0/50/0/0,
303001,9,296,-25,288,0,169,0,0\0,0\0\0\0.5\2\180\Game/Gimmick/Gimmick_GrowthBomb_Root_02
309001,8,300,24,402,0,17,0,0\0,48/Field
309003,1,251,-18,209,0,149,0,0\0,6,
309004,1,307,-27,218,0,152,0,0\0,6,
309005,1,354,-29,235,0,141,0,0\0,6,

