101001,4,-337,7,442,0,0,0,0\0,17/0/0/0/0,
101002,4,-308,3,397,0,180,0,0\0,2/0/0/0/0,
101003,4,-301,0,313,0,180,0,0\0,8/0/0/0/0,
101004,4,-271,0,372,0,112,0,0\0,5/0/0/0/0,
101008,4,-319,1,370,0,62,0,0\0,19/0/0/0/0,
102001,3,-306,12,485,0,200,0,0\0,31/1/1/111111111111/11111/1/1/0/50/0/0,
102002,3,-294,1,382,0,200,0,0\0,2/2/1/111111111111/11111/1/1/0/50/0/0,
102003,3,-319,6,413,0,210,0,0\0,4/1/1/111111111111/11111/1/1/0/50/0/0,
102004,3,-282,0,306,0,20,0,0\0,2/2/1/111111111111/11111/1/1/0/50/0/0,
109002,1,-350,32,267,0,17,0,0\0,6,
109003,1,-310,28,245,0,11,0,0\0,6,
109004,1,-270,18,272,0,11,0,0\0,6,

