11001,4,-58,0,-172,0,180,0,0\0,15/0/0/0/0,
11002,4,-83,-3,-247,0,180,0,0\0,17/0/0/0/0,
11003,4,290,132,45,0,180,0,0\0,2/0/0/0/0,
11004,4,55,128,37,0,180,0,0\0,1/0/0/0/0,
11005,4,-200,-3,0,0,180,0,0\0,1/0/0/0/0,
11006,4,56,3,-185,0,180,0,0\0,1/0/0/0/0,
11007,4,115,0,-244,0,180,0,0\0,15/0/0/0/0,
11008,4,-9,-10,-285,0,170,0,0\0,15/0/0/0/0,
11009,4,-78,-13,-303,0,180,0,0\0,17/0/0/0/0,
11010,4,-106,-32,-344,0,180,0,0\0,15/0/0/0/0,
11011,4,-20,-33,-351,0,180,0,0\0,17/0/0/0/0,
11012,4,12,4,-133,0,180,0,0\0,1/0/0/0/0,
11013,4,31,0,-196,0,180,0,0\0,15/0/0/0/0,
11014,4,13,17,-76,0,180,0,0\0,1/0/0/0/0,
11015,4,15,51,-42,0,180,0,0\0,2/0/0/0/0,
11016,4,-76,45,-55,0,180,0,0\0,8/0/0/0/0,
11017,4,-80,82,-7,0,180,0,0\0,2/0/0/0/0,
11018,4,113,60,-25,0,180,0,0\0,15/0/0/0/0,
11019,4,100,124,39,0,180,0,0\0,1/0/0/0/0,
11020,4,28,158,75,0,180,0,0\0,15/0/0/0/0,
11021,4,-202,89,3,0,180,0,0\0,15/0/0/0/0,
11022,4,-62,136,55,0,180,0,0\0,2/0/0/0/0,
11023,4,-66,159,73,0,180,0,0\0,2/0/0/0/0,
102001,3,-43,0,-198,0,180,0,0\0,31/1/1/111111111111/11111/1/1/0/50/0/0,
102002,3,-70,0,-282,0,70,0,0\0,31/1/1/111111111111/11111/1/1/0/50/0/0,
102003,3,70,71,-20,0,256,0,0\0,31/1/3/111111111111/11111/1/1/0/50/0/0,
102004,3,-126,75,-18,0,117,0,0\0,31/1/1/111111111111/11111/1/1/0/50/0/0,
102005,3,17,139,43,0,180,0,0\0,31/1/3/111111111111/11111/1/1/0/50/0/0,
102006,3,-60,42,-49,0,54,0,0\0,2/1/3/111111111111/11111/1/1/0/50/0/0,
102007,3,255,133,44,0,180,0,0\0,4/1/3/111111111111/11111/1/1/0/50/0/0,
102008,3,-107,128,34,0,93,0,0\0,4/1/3/111111111111/11111/1/1/0/50/0/0,
102009,3,4,105,-7,0,255,0,0\0,4/1/3/111111111111/11111/1/1/0/50/0/0,
102010,3,-61,3,-224,0,180,0,0\0,3/1/3/111111111111/11111/1/1/0/50/0/0,
200003005,3,16,-2,-237,0,255,0,0\0,5/1/3/111111111111/11111/1/1/0/50/1/0,
200003008,3,8,456,395,0,220,0,0\0,5/1/3/111111111111/11111/1/1/0/50/1/0,
1,3,-5,2,-180,0,0,0,0\0,5/1/3/111111111111/11111/1/1/0/50/1/0,
2,3,-20,0,-240,0,113,0,0\0,5/1/3/111111111111/11111/1/1/0/50/1/0,
3,3,-40,2,-225,0,0,0,0\0,5/1/3/111111111111/11111/1/1/0/50/1/0,
500003009,3,40,2,-240,0,0,0,0\0,5/1/3/111111111111/11111/1/1/0/50/1/0,
400016002,3,273,133,34,0,180,0,0\0,6/6/3/111111111111/11111/1/1/0/50/1/0,
400016001,3,-43,21,-302,0,70,0,0\0,2/10/3/111111111111/11111/1/1/0/50/1/0,
800001007,3,-49,21,-213,0,91,0,0\0,2/10/3/111111111111/11111/1/1/0/50/1/0,
800001008,3,-49,21,-213,0,91,0,0\0,2/10/3/111111111111/11111/1/1/0/50/1/0,
800001009,3,-49,21,-213,0,91,0,0\0,2/10/3/111111111111/11111/1/1/0/50/1/0,
800001010,3,-49,21,-213,0,91,0,0\0,2/10/3/111111111111/11111/1/1/0/50/1/0,
800001011,3,-49,21,-213,0,91,0,0\0,2/10/3/111111111111/11111/1/1/0/50/1/0,
800001012,3,-49,21,-213,0,91,0,0\0,2/10/3/111111111111/11111/1/1/0/50/1/0,
800001013,3,-49,21,-213,0,91,0,0\0,2/10/3/111111111111/11111/1/1/0/50/1/0,
800001014,3,-49,21,-213,0,91,0,0\0,2/10/3/111111111111/11111/1/1/0/50/1/0,
800001015,3,-49,21,-213,0,91,0,0\0,2/10/3/111111111111/11111/1/1/0/50/1/0,
800001016,3,-49,21,-213,0,91,0,0\0,2/10/3/111111111111/11111/1/1/0/50/1/0,
800018001,3,-49,21,-213,0,91,0,0\0,2/10/3/111111111111/11111/1/1/0/50/1/0,
800018002,3,-49,21,-213,0,91,0,0\0,2/10/3/111111111111/11111/1/1/0/50/1/0,
800018003,3,-49,21,-213,0,91,0,0\0,2/10/3/111111111111/11111/1/1/0/50/1/0,
800018004,3,-49,21,-213,0,91,0,0\0,2/10/3/111111111111/11111/1/1/0/50/1/0,
800018005,3,-49,21,-213,0,91,0,0\0,2/10/3/111111111111/11111/1/1/0/50/1/0,
800018006,3,-49,21,-213,0,91,0,0\0,2/10/3/111111111111/11111/1/1/0/50/1/0,
800018007,3,-49,21,-213,0,91,0,0\0,2/10/3/111111111111/11111/1/1/0/50/1/0,
800018008,3,-49,21,-213,0,91,0,0\0,2/10/3/111111111111/11111/1/1/0/50/1/0,
800018009,3,-49,21,-213,0,91,0,0\0,2/10/3/111111111111/11111/1/1/0/50/1/0,
800018010,3,-49,21,-213,0,91,0,0\0,2/10/3/111111111111/11111/1/1/0/50/1/0,
800018011,3,-49,21,-213,0,91,0,0\0,2/10/3/111111111111/11111/1/1/0/50/1/0,
800018012,3,-49,21,-213,0,91,0,0\0,2/10/3/111111111111/11111/1/1/0/50/1/0,
800018013,3,-49,21,-213,0,91,0,0\0,2/10/3/111111111111/11111/1/1/0/50/1/0,
800018014,3,-49,21,-213,0,91,0,0\0,2/10/3/111111111111/11111/1/1/0/50/1/0,
800018015,3,-49,21,-213,0,91,0,0\0,2/10/3/111111111111/11111/1/1/0/50/1/0,
800020001,3,-49,21,-213,0,91,0,0\0,2/10/3/111111111111/11111/1/1/0/50/1/0,
800020002,3,-49,21,-213,0,91,0,0\0,2/10/3/111111111111/11111/1/1/0/50/1/0,
800020003,3,-49,21,-213,0,91,0,0\0,2/10/3/111111111111/11111/1/1/0/50/1/0,
800020004,3,-49,21,-213,0,91,0,0\0,2/10/3/111111111111/11111/1/1/0/50/1/0,
800020005,3,-49,21,-213,0,91,0,0\0,2/10/3/111111111111/11111/1/1/0/50/1/0,
800020006,3,-49,21,-213,0,91,0,0\0,2/10/3/111111111111/11111/1/1/0/50/1/0,
800041005,3,-41,2,-261,0,0,0,0\0,5/1/3/111111111111/11111/1/1/0/50/1/1,
13001,9,-93,-47,-289,0,0,0,0\0,0\0\0\0\3\0\Game/Gimmick/Gimmick_Taru002
13002,9,-220,89,3,0,0,0,0\0,0\0\0\0\3\0\Game/Gimmick/Gimmick_Taru002
13003,9,-32,456,400,0,0,0,0\0,0\0\0\0\3\0\Game/Gimmick/Gimmick_Taru002
10000,8,15,1,-201,0,0,0,0\0,14/Field
10001,8,23,455,388,0,0,0,0\0,16/Field
11024,5,75,3,-202,2,228,2,0\0,←：妖精王の玉座<br>→：煌めく小山/4/2
11025,5,-25,69,-11,2,162,2,0\0,←：妖精王の玉座<br>→：キノコの大地/4/2
11026,5,-80,130,49,2,168,2,0\0,←：黄金の果樹園<br>→：妖精王の玉座/4/2
14001,11,1,461,410,0,180,0,0\0,1008/2/111111111111/11111/-1/1008ADV_01,
14002,11,-16,460,410,0,179,0,0\0,1007/2/111111111111/11111/-1/1007ADV_01,
14003,11,-26,456,389,0,91,0,0\0,1010/2/111111111111/11111/-1/,
14004,11,43,0,-217,0,270,0,0\0,1010/2/111111111111/11111/-1/,
15001,12,-8,456,392,0,180,0,0\0,

