11001,4,-97,0,-36,0,242,0,0\0,2/0/0/0/0,
11004,4,226,0,-70,0,93,0,0\0,13/0/0/0/0,
11005,4,702,2,825,0,180,0,0\0,8/0/0/0/0,
11006,4,-12,0,-85,0,180,0,0\0,9/0/0/0/0,
11009,4,-41,0,-110,0,180,0,0\0,2/0/0/0/0,
11011,4,91,0,-122,0,170,0,0\0,16/0/0/0/0,
11012,4,33,-7,-123,0,112,0,0\0,5/0/0/0/0,
11014,4,39,0,15,0,180,0,0\0,9/0/0/0/0,
11015,4,99,-6,-59,0,303,0,0\0,5/0/0/0/0,
11018,4,155,0,-129,0,180,0,0\0,15/0/0/0/0,
11020,4,737,0,573,0,180,0,0\0,2/0/0/0/0,
11021,4,196,0,-121,0,180,0,0\0,1/0/0/0/0,
11023,4,246,0,-35,0,180,0,0\0,15/0/0/0/0,
11024,4,247,0,-104,0,180,0,0\0,2/0/0/0/0,
11027,4,306,0,7,0,180,0,0\0,2/0/0/0/0,
11029,4,268,0,82,0,170,0,0\0,17/0/0/0/0,
11031,4,324,0,61,0,180,0,0\0,15/0/0/0/0,
11033,4,424,0,110,0,180,0,0\0,2/0/0/0/0,
11034,4,381,0,154,0,180,0,0\0,17/0/0/0/0,
11036,4,359,0,113,0,180,0,0\0,15/0/0/0/0,
11038,4,553,0,422,0,180,0,0\0,17/0/0/0/0,
11039,4,425,0,575,0,180,0,0\0,9/0/0/0/0,
11041,4,414,0,827,0,180,0,0\0,15/0/0/0/0,
11042,4,570,0,790,0,180,0,0\0,2/0/0/0/0,
11043,4,850,0,728,0,180,0,0\0,2/0/0/0/0,
11045,4,853,0,1016,0,180,0,0\0,17/0/0/0/0,
11046,4,716,0,1040,0,180,0,0\0,15/0/0/0/0,
11048,4,657,2,1216,0,180,0,0\0,16/0/0/0/0,
11049,4,731,2,1206,0,180,0,0\0,16/0/0/0/0,
11051,4,717,0,1141,0,180,0,0\0,8/0/0/0/0,
11008,4,113,0,-86,0,135,0,0\0,12/0/0/0/0,
11010,4,-17,-2,-134,0,135,0,0\0,10/0/0/0/0,
11050,4,703,0,1187,0,170,0,0\0,10/0/0/0/0,
12001,3,-86,0,-23,0,180,0,0\0,31/1/1/111111111111/11111/1/1/0/50/0/0,
12003,3,170,0,-129,0,307,0,0\0,31/1/1/111111111111/11111/1/1/0/50/0/0,
12005,3,232,0,-59,0,30,0,0\0,31/1/1/111011111111/11111/1/1/0/50/0/0,
12010,3,358,0,76,0,120,0,0\0,31/1/1/111111111111/11111/1/1/0/50/0/0,
12014,3,393,0,164,0,0,0,0\0,31/1/1/111111111111/11111/1/1/0/50/0/0,
12019,3,695,0,716,0,162,0,0\0,31/1/1/111111111111/11111/1/1/0/50/0/0,
12020,3,672,0,1153,0,139,0,0\0,31/1/1/111111111111/11111/1/1/0/50/0/0,
12021,3,866,0,891,0,207,0,0\0,31/1/1/111111111111/11111/1/1/0/50/0/0,
12022,3,681,0,1203,0,189,0,0\0,31/1/1/111111111111/11111/1/1/0/50/0/0,
12023,3,760,0,1198,0,200,0,0\0,31/1/1/111111111111/11111/1/1/0/50/0/0,
12024,3,-86,0,-63,0,100,0,0\0,31/12/1/111111111111/11111/1/1/0/50/0/0,
12025,3,231,0,-116,0,354,0,0\0,31/12/1/111111111111/11111/1/1/0/50/0/0,
12026,3,722,0,1180,0,180,0,0\0,2/1/1/111111111111/11111/1/1/0/50/0/0,
12030,3,397,0,847,0,90,0,0\0,2/1/1/111111111111/11111/1/1/0/50/0/0,
12031,3,404,0,806,0,180,0,0\0,2/1/1/111111111111/11111/1/1/0/50/0/0,
12032,3,699,0,1050,0,10,0,0\0,2/1/1/111111111111/11111/1/1/0/50/0/0,
12033,3,870,0,723,0,200,0,0\0,2/1/1/111111111111/11111/1/1/0/50/0/0,
12034,3,867,0,1031,0,200,0,0\0,2/1/1/111111111111/11111/1/1/0/50/0/0,
12035,3,537,0,415,0,110,0,0\0,2/1/1/111111111111/11111/1/1/0/50/0/0,
12036,3,405,0,392,0,14,0,0\0,2/1/1/111111111111/11111/1/1/0/50/0/0,
12037,3,379,0,102,0,14,0,0\0,2/1/1/111111111111/11111/1/1/0/50/0/0,
12038,3,83,0,-112,0,90,0,0\0,2/1/1/111111111111/11111/1/1/0/50/0/0,
12039,3,-33,0,11,0,230,0,0\0,2/1/1/111111111111/11111/1/1/0/50/0/0,
12040,3,562,0,575,0,340,0,0\0,31/12/1/111111111111/11111/1/1/0/50/0/0,
12041,3,-17,0,-90,0,148,0,0\0,3/1/1/111111111111/11111/1/1/0/50/0/0,
12042,3,-35,0,-126,0,330,0,0\0,2/1/1/111111111111/11111/1/1/0/50/0/0,
800028022,3,414,0,436,0,180,0,0\0,2/1/3/111111111111/11111/1/1/0/50/1/0,
800028047,3,147,0,-95,0,150,0,0\0,2/1/3/111111111111/11111/1/1/0/50/1/2,
800028050,3,493,0,143,0,270,0,0\0,2/1/3/111111111111/11111/1/1/0/50/1/1,
12002,3,127,0,-89,0,120,0,0\0,4/1/1/111111111111/11111/1/1/0/50/0/0,
12007,3,247,0,-21,0,10,0,0\0,4/1/1/111111111111/11111/1/1/0/50/0/0,
12011,3,419,0,106,0,310,0,0\0,4/1/1/111111111111/11111/1/1/0/50/0/0,
12015,3,397,0,718,0,170,0,0\0,4/1/1/111111111111/11111/1/1/0/50/0/0,
12018,3,729,0,562,0,280,0,0\0,4/1/1/111111111111/11111/1/1/0/50/0/0,
12004,3,200,0,-87,0,148,0,0\0,3/1/1/111111111111/11111/1/1/0/50/0/0,
12006,3,253,0,-97,0,357,0,0\0,3/1/1/111111111111/11111/1/1/0/50/0/0,
12009,3,286,0,81,0,165,0,0\0,3/1/1/111111111111/11111/1/1/0/50/0/0,
12012,3,376,0,146,0,135,0,0\0,3/1/1/111111111111/11111/1/1/0/50/0/0,
12013,3,355,0,112,0,20,0,0\0,3/1/1/111111111111/11111/1/1/0/50/0/0,
12016,3,424,0,567,0,207,0,0\0,3/1/1/111111111111/11111/1/1/0/50/0/0,
12017,3,559,0,755,0,154,0,0\0,3/1/1/111111111111/11111/1/1/0/50/0/0,
800041011,3,399,0,103,0,0,0,0\0,31/6/3/111111111111/11111/1/1/0/50/1/2,
13001,9,216,0,-66,0,0,0,0\0,0\0\0\0\1\0\Game/Gimmick/Gimmick_Taru002
13002,9,-107,0,14,0,0,0,0\0,0\0\0\0\1\0\Game/Gimmick/Gimmick_Taru002
13003,9,-110,0,-2,0,0,0,0\0,0\0\0\0\1\0\Game/Gimmick/Gimmick_Taru001
13004,9,-94,0,-90,0,113,0,0\0,-0.5\0\0.75\1\1\0\Game/Gimmick/Gimmick_tree001
13005,9,134,-6,-76,0,140,0,0\0,0\0\0\0\1\0\Game/Gimmick/Gimmick_tree001
13007,9,277,0,10,0,338,0,0\0,-0.5\0\0.75\1\1\0\Game/Gimmick/Gimmick_IceBomb_Point
13008,9,459,0,125,0,0,0,0\0,0\0\0\0\1\0\Game/Gimmick/Gimmick_Taru001
13009,9,488,0,130,0,0,0,0\0,0\0\0\0\1\0\Game/Gimmick/Gimmick_Taru001
13010,9,392,0,878,0,0,0,0\0,0\0\0\0\1\0\Game/Gimmick/Gimmick_Taru001
13011,9,435,0,877,0,0,0,0\0,0\0\0\0\1\0\Game/Gimmick/Gimmick_Taru002
100033001,6,-80,0,-120,0,180,0,0\1,\Game/Field/Spawn/MapArea_02_middle_005_saku
10006,8,437,0,850,0,0,0,0\0,39/Field
10007,8,426,0,161,0,0,0,0\0,38/Field
10011,6,385,0,410,0,90,0,0\1,\Game/Field/Spawn/MapArea_02_middle_005_saku
800028019,12,413,0,413,0,180,0,0\0,
800028032,12,471,0,140,0,180,0,0\0,
800028044,12,186,0,-108,0,180,0,0\0,

