201001,4,-67,3,243,0,0,0,0\0,17/0/0/0/0,
201002,4,-58,-27,65,0,0,0,0\0,17/0/0/0/0,
201003,4,9,-28,5,0,0,0,0\0,16/0/0/0/0,
201004,4,-177,0,243,0,180,0,0\0,2/0/0/0/0,
201005,4,133,-28,202,0,180,0,0\0,2/0/0/0/0,
201006,4,-132,-26,19,0,180,0,0\0,2/0/0/0/0,
201007,4,83,5,357,0,180,0,0\0,2/0/0/0/0,
201008,4,108,7,296,0,180,0,0\0,2/0/0/0/0,
201009,4,21,6,342,0,180,0,0\0,15/0/0/0/0,
201010,4,-175,3,421,0,180,0,0\0,15/0/0/0/0,
201011,4,-77,5,328,0,180,0,0\0,15/0/0/0/0,
201012,4,22,-26,77,0,180,0,0\0,8/0/0/0/0,
201013,4,38,2,303,0,180,0,0\0,8/0/0/0/0,
201014,4,-182,-27,-17,0,180,0,0\0,4/0/0/0/0,
201015,4,-104,0,392,0,317,0,0\0,5/0/0/0/0,
201016,4,-24,3,381,0,210,0,0\0,5/0/0/0/0,
201017,4,-30,-27,162,0,41,0,0\0,13/0/0/0/0,
201018,4,-84,-27,19,0,41,0,0\0,18/0/0/0/0,
201019,4,127,6,369,0,247,0,0\0,10/0/0/0/0,
201020,4,123,-27,12,0,313,0,0\0,19/0/0/0/0,
202001,3,-188,0,250,0,246,0,0\0,31/1/1/111111111111/11111/1/1/0/50/0/0,
202002,3,-30,-27,153,0,301,0,0\0,31/1/1/111111111111/11111/1/1/0/50/0/0,
202003,3,127,-26,233,0,180,0,0\0,31/1/1/111111111111/11111/1/1/0/50/0/0,
202004,3,83,5,354,0,149,0,0\0,31/1/1/111111111111/11111/1/1/0/50/0/0,
202005,3,38,6,349,0,142,0,0\0,31/1/1/111111111111/11111/1/1/0/50/0/0,
202006,3,-78,3,231,0,300,0,0\0,2/2/1/111111111111/11111/1/1/0/50/0/0,
202007,3,-46,5,267,0,207,0,0\0,2/2/1/111111111111/11111/1/1/0/50/0/0,
202008,3,156,5,369,0,270,0,0\0,2/2/1/111111111111/11111/1/1/0/50/0/0,
202009,3,-185,3,413,0,150,0,0\0,2/2/1/111111111111/11111/1/1/0/50/0/0,
202010,3,-80,7,324,0,200,0,0\0,2/2/1/111111111111/11111/1/1/0/50/0/0,
202011,3,44,-28,223,0,180,0,0\0,2/2/1/111111111111/11111/1/1/0/50/0/0,
202012,3,-118,4,368,0,154,0,0\0,2/2/1/111111111111/11111/1/1/0/50/0/0,
202013,3,90,-27,203,0,273,0,0\0,15/1/1/111111111111/11111/1/1/0/50/0/0,
202014,3,-38,-26,109,0,107,0,0\0,15/1/1/111111111111/11111/1/1/0/50/0/0,
202015,3,-48,-26,66,0,20,0,0\0,15/1/1/111111111111/11111/1/1/0/50/0/0,
202016,3,-169,-26,9,0,180,0,0\0,15/1/1/111111111111/11111/1/1/0/50/0/0,
202017,3,53,8,307,0,198,0,0\0,15/1/1/111111111111/11111/1/1/0/50/0/0,
202018,3,-128,-26,-6,0,50,0,0\0,4/1/1/111111111111/11111/1/1/0/50/0/0,
202019,3,-94,-26,33,0,80,0,0\0,4/1/1/111111111111/11111/1/1/0/50/0/0,
202020,3,13,-25,82,0,237,0,0\0,19/1/1/111111111111/11111/1/1/0/50/0/0,
202021,3,-21,-26,11,0,310,0,0\0,19/1/1/111111111111/11111/1/1/0/50/0/0,
202022,3,111,-28,12,0,0,0,0\0,19/1/1/111111111111/11111/1/1/0/50/0/0,
202023,3,-146,3,393,0,190,0,0\0,19/1/1/111111111111/11111/1/1/0/50/0/0,
202024,3,-119,-11,207,0,320,0,0\0,19/1/1/111111111111/11111/1/1/0/50/0/0,
202025,3,-68,4,387,0,194,0,0\0,19/1/1/111111111111/11111/1/1/0/50/0/0,
202026,3,36,-28,26,0,0,0,0\0,19/1/1/111111111111/11111/1/1/0/50/0/0,
800028089,3,104,5,342,0,180,0,0\0,2/2/3/111011111111/11111/1/1/0/50/1/2,
800028084,3,-23,-28,76,0,90,0,0\0,2/2/3/111011111111/11111/1/1/0/50/1/1,
800063014,3,130,5,315,0,310,0,0\0,2/2/3/111011111111/11111/1/1/0/50/1/2,
203001,13,-195,34,497,0,270,0,0\0,0.00\0.00\2.90\0.5\0.00\0.00\-2.40\0.5\Game/Gimmick/Gimmick_WindBomb_Point_Mega
203002,9,-18,-26,44,0,0,0,0\0,0\0\0\0\1\0\Game/Gimmick/Gimmick_Taru002
203003,9,167,6,331,0,0,0,0\0,0\0\0\0\1\0\Game/Gimmick/Gimmick_Taru002
209001,8,-60,-25,196,0,7,0,0\0,45/Field
209002,8,84,-27,51,0,6,0,0\0,46/Field
209003,8,105,9,397,0,344,0,0\0,47/Field
209004,8,-92,1,440,0,24,0,0\0,44/Field
209009,1,-203,15,224,0,0,0,0\0,6,
209010,1,-155,7,179,0,348,0,0\0,6,
209011,1,73,-13,184,0,339,0,0\0,6,
209012,1,178,-12,205,0,346,0,0\0,6,
209013,1,-128,-13,52,0,0,0,0\0,6,
209014,1,-177,-15,34,0,0,0,0\0,6,
209015,1,-229,-7,-37,0,0,0,0\0,6,
209016,1,-132,-10,-48,0,0,0,0\0,6,
209017,1,-64,-8,-22,0,0,0,0\0,6,
209018,1,6,-8,-23,0,0,0,0\0,6,
209019,1,51,-17,-22,0,0,0,0\0,6,
209020,1,65,-14,120,0,0,0,0\0,6,
209021,1,122,-4,91,0,0,0,0\0,6,
800028086,12,91,1,322,0,180,0,0\0,
800028081,12,-7,-28,106,0,180,0,0\0,

