301003,4,224,-26,33,0,180,0,0\0,15/0/0/0/0,
301004,4,99,-18,58,0,180,0,0\0,13/0/0/0/0,
301005,4,99,-35,26,0,180,0,0\0,17/0/0/0/0,
301006,4,19,11,97,0,180,0,0\0,15/0/0/0/0,
301007,4,14,-25,25,0,180,0,0\0,9/0/0/0/0,
301008,4,155,-9,64,0,180,0,0\0,8/0/0/0/0,
302001,3,-11,-16,59,0,165,0,0\0,2/2/1/111111111111/11111/1/1/0/50/0/0,
302002,3,111,-16,53,0,232,0,0\0,2/2/1/111111111111/11111/1/1/0/50/0/0,
302003,3,74,9,93,0,173,0,0\0,2/2/1/111111111111/11111/1/1/0/50/0/0,
302004,3,-33,17,104,0,108,0,0\0,2/2/1/111111111111/11111/1/1/0/50/0/0,
100040005,3,-12,18,100,0,120,0,0\0,2/2/3/111111111111/11111/1/1/0/50/1/0,
70011,9,146,4,89,0,0,0,0\0,0\0\0\0\1\0\Game/Gimmick/Gimmick_Taru002
30000,8,215,-16,56,0,0,0,0\0,37/Field
100040004,12,1,12,97,0,180,0,0\0,

