20002,4,-95,0,112,0,180,0,0\0,16/0/0/0/0,
20003,4,-134,0,57,0,180,0,0\0,4/0/0/0/0,
20004,4,-11,0,-195,0,180,0,0\0,2/0/0/0/0,
20008,4,50,0,-161,0,180,0,0\0,2/0/0/0/0,
20009,4,-278,0,6,0,180,0,0\0,2/0/0/0/0,
20010,4,51,0,-207,0,180,0,0\0,2/0/0/0/0,
20016,4,-85,0,-55,0,180,0,0\0,13/0/0/0/0,
20034,4,-21,0,-109,0,180,0,0\0,2/0/0/0/0,
20035,4,-22,0,-52,0,180,0,0\0,2/0/0/0/0,
20036,4,-216,0,-15,0,180,0,0\0,2/0/0/0/0,
20037,4,-246,0,-73,0,180,0,0\0,2/0/0/0/0,
20038,4,-79,0,13,0,180,0,0\0,13/0/0/0/0,
20039,4,-158,0,-48,0,180,0,0\0,12/0/0/0/0,
20040,4,-278,0,-105,0,180,0,0\0,12/0/0/0/0,
20041,4,-244,0,-108,0,180,0,0\0,1/0/0/0/0,
20042,4,-252,0,-168,0,180,0,0\0,1/0/0/0/0,
1,3,-246,0,-22,0,180,0,0\0,7/1/1/111111111111/11111/1/1/0/50/0/0,
2,3,-170,0,-76,0,90,0,0\0,7/1/1/111111111111/11111/1/1/0/50/0/0,
3,3,-96,0,-15,0,270,0,0\0,7/1/1/111111111111/11111/1/1/0/50/0/0,
4,3,-246,0,-121,0,179,0,0\0,7/1/1/111111111111/11111/1/1/0/50/0/0,
5,3,-120,0,-165,0,266,0,0\0,7/1/1/111111111111/11111/1/1/0/50/0/0,
20011,3,-140,0,-16,0,180,0,0\0,31/1/1/111111111111/11111/1/1/0/50/0/0,
20012,3,-114,0,-137,0,270,0,0\0,31/1/1/111111111111/11111/1/1/0/50/0/0,
20013,3,-277,0,-164,0,0,0,0\0,31/1/1/111111111111/11111/1/1/0/50/0/0,
20014,3,-246,0,-62,0,0,0,0\0,7/3/1/111111111111/11111/1/1/0/50/0/0,
20015,3,-22,0,14,0,270,0,0\0,7/3/1/111111111111/11111/1/1/0/50/0/0,
20017,3,-188,0,-139,0,180,0,0\0,17/1/1/111111111111/11111/1/1/0/50/0/0,
20018,3,-279,0,-16,0,180,0,0\0,17/1/1/111111111111/11111/1/1/0/50/0/0,
20019,3,-52,0,-78,0,180,0,0\0,17/1/1/111111111111/11111/1/1/0/50/0/0,
20020,3,-125,0,11,0,180,0,0\0,3/1/1/111111111111/11111/1/1/0/50/0/0,
20021,3,-150,0,-108,0,180,0,0\0,3/1/1/111111111111/11111/1/1/0/50/0/0,
20022,3,-187,0,-108,0,180,0,0\0,31/1/1/111111111111/11111/1/1/0/50/0/0,
20023,3,-52,0,-17,0,180,0,0\0,31/2/1/111111111111/11111/1/1/0/50/0/0,
20024,3,-210,0,14,0,180,0,0\0,31/2/1/111111111111/11111/1/1/0/50/0/0,
20025,3,-52,0,-100,0,180,0,0\0,7/3/1/111111111111/11111/1/1/0/50/0/0,
20026,3,-22,0,-128,0,180,0,0\0,7/3/1/111111111111/11111/1/1/0/50/0/0,
20027,3,-220,0,-151,0,181,0,0\0,7/3/1/111111111111/11111/1/1/0/50/0/0,
20028,3,-246,0,12,0,90,0,0\0,17/1/1/111111111111/11111/1/1/0/50/0/0,
20029,3,-22,0,-168,0,270,0,0\0,17/1/1/111111111111/11111/1/1/0/50/0/0,
20030,3,-277,0,-152,0,0,0,0\0,17/1/1/111111111111/11111/1/1/0/50/0/0,
20031,3,-190,0,-31,0,180,0,0\0,3/1/1/111111111111/11111/1/1/0/50/0/0,
20032,3,-23,0,-12,0,0,0,0\0,3/1/1/111111111111/11111/1/1/0/50/0/0,
20033,3,-110,0,-77,0,270,0,0\0,3/1/1/111111111111/11111/1/1/0/50/0/0,
100007003,3,78,0,-200,0,0,0,0\0,31/1/3/111111111111/11111/1/1/0/50/1/0,
200009003,3,-166,0,83,0,142,0,0\0,20/1/3/111111111111/11111/1/1/0/50/1/0,
505014004,3,-209,0,-220,0,0,0,0\0,31/2/3/111111111111/11111/1/1/0/50/1/0,
800034008,3,-45,0,-212,0,0,0,0\0,31/3/3/111111111111/11111/1/1/0/50/1/0,
505025002,3,-133,0,-217,0,270,0,0\0,12/3/3/111111111111/11111/1/1/0/50/1/0,
20005,9,-145,0,-208,0,0,0,0\0,0\0\0\0\1\0\Game/Gimmick/Gimmick_break04
20006,9,-171,0,27,0,0,0,0\0,0\0\0\0\1\0\Game/Gimmick/Gimmick_break04
20007,9,448,0,-136,0,0,0,0\0,0\0\0\0\1\0\Game/Gimmick/Gimmick_break04
23001,9,-22,0,-73,0,0,0,0\0,0\0\0\0\3\0\Game/Gimmick/Gimmick_Taru002
14002,11,-123,0,-205,0,180,0,0\0,1010/2/111111111111/11111/-1/,
15002,12,-155,0,56,0,180,0,0\0,
15003,12,60,0,-183,0,180,0,0\0,
15005,12,-156,0,-215,0,0,0,0\0,
505014002,12,-221,0,-206,0,0,0,0\0,
80034006,12,-87,0,-212,0,0,0,0\0,
5025002,12,-178,0,-217,0,0,0,0\0,
20000,5,-170,0,-207,0,0,0,0\0,ローサ=メイズ/2/0
20001,5,-140,0,72,0,0,0,0\0,歴代のリブルム当主の墓<br><br>魔を封印せしこの地に眠る/2/0
40006,8,-200,0,-204,0,0,0,0\0,4/Field
40007,8,-122,0,95,0,0,0,0\0,15/Field

