11001,4,-54,0,-43,0,242,0,0\0,2/0/0/0/0,
11002,4,-48,0,-87,0,180,0,0\0,2/0/0/0/0,
11003,4,-85,0,-82,0,120,0,0\0,2/0/0/0/0,
11004,4,-90,0,-99,0,93,0,0\0,13/0/0/0/0,
11005,4,-28,2,-87,0,180,0,0\0,8/0/0/0/0,
11006,4,-12,0,-85,0,180,0,0\0,9/0/0/0/0,
11007,4,5,0,-87,0,180,0,0\0,17/0/0/0/0,
11009,4,-34,0,-113,0,180,0,0\0,2/0/0/0/0,
11011,4,15,-5,-124,0,170,0,0\0,16/0/0/0/0,
11012,4,33,-7,-123,0,112,0,0\0,5/0/0/0/0,
11013,4,-5,0,17,0,180,0,0\0,15/0/0/0/0,
11014,4,39,0,15,0,180,0,0\0,9/0/0/0/0,
11015,4,99,-6,-59,0,303,0,0\0,5/0/0/0/0,
11018,4,115,0,-86,0,180,0,0\0,15/0/0/0/0,
11019,4,125,0,-60,0,180,0,0\0,9/0/0/0/0,
11020,4,151,0,-129,0,180,0,0\0,2/0/0/0/0,
11021,4,231,0,-119,0,180,0,0\0,1/0/0/0/0,
11022,4,259,0,-91,0,180,0,0\0,2/0/0/0/0,
11023,4,267,0,-62,0,180,0,0\0,15/0/0/0/0,
11024,4,222,0,-55,0,180,0,0\0,2/0/0/0/0,
11025,4,234,0,-41,0,180,0,0\0,15/0/0/0/0,
11026,4,291,0,15,0,180,0,0\0,4/0/0/0/0,
11027,4,306,0,7,0,180,0,0\0,2/0/0/0/0,
11028,4,246,0,23,0,306,0,0\0,5/0/0/0/0,
11029,4,246,0,71,0,170,0,0\0,17/0/0/0/0,
11030,4,276,2,83,0,180,0,0\0,8/0/0/0/0,
11031,4,304,0,90,0,180,0,0\0,15/0/0/0/0,
11033,4,364,0,100,0,180,0,0\0,2/0/0/0/0,
11034,4,340,0,131,0,180,0,0\0,17/0/0/0/0,
11035,4,349,0,147,0,180,0,0\0,17/0/0/0/0,
11036,4,373,0,168,0,180,0,0\0,15/0/0/0/0,
11037,4,419,0,92,0,180,0,0\0,15/0/0/0/0,
11038,4,425,0,422,0,180,0,0\0,17/0/0/0/0,
11039,4,425,0,575,0,180,0,0\0,9/0/0/0/0,
11040,4,400,0,839,0,180,0,0\0,15/0/0/0/0,
11041,4,378,0,853,0,180,0,0\0,15/0/0/0/0,
11042,4,574,0,573,0,180,0,0\0,2/0/0/0/0,
11043,4,850,0,728,0,180,0,0\0,2/0/0/0/0,
11044,4,736,0,867,0,180,0,0\0,17/0/0/0/0,
11045,4,729,0,1004,0,180,0,0\0,17/0/0/0/0,
11046,4,756,0,1143,0,180,0,0\0,15/0/0/0/0,
11047,4,789,2,1200,0,180,0,0\0,16/0/0/0/0,
11048,4,780,2,1214,0,180,0,0\0,16/0/0/0/0,
11049,4,766,2,1208,0,180,0,0\0,16/0/0/0/0,
11051,4,645,0,1165,0,180,0,0\0,8/0/0/0/0,
11052,4,-75,0,-19,0,0,0,0\0,14/62.42/0/15.17/1,
11008,4,16,0,-98,0,135,0,0\0,12/0/0/0/0,
11010,4,-17,-2,-134,0,135,0,0\0,10/0/0/0/0,
11017,4,90,5,-116,0,180,0,0\0,10/0/0/0/0,
11032,4,350,0,60,0,180,0,0\0,10/0/0/0/0,
11050,4,692,0,1155,0,170,0,0\0,10/0/0/0/0,
11016,4,84,-6,-65,0,180,0,0\0,4/0/0/0/0,
2,3,723,0,1148,0,180,0,0\0,3/1/3/111111111111/11111/1/1/0/50/1/0,
3,3,690,0,1171,0,180,0,0\0,3/1/3/111111111111/11111/1/1/0/50/1/0,
4,3,170,0,-130,0,354,0,0\0,31/12/3/111111111111/11111/1/1/0/50/1/0,
5,3,190,0,-120,0,354,0,0\0,31/12/3/111111111111/11111/1/1/0/50/1/0,
6,3,210,0,-90,0,170,0,0\0,31/12/3/111111111111/11111/1/1/0/50/1/0,
12001,3,-93,0,-45,0,180,0,0\0,31/1/3/111111111111/11111/1/1/0/50/0/0,
12003,3,131,0,-119,0,307,0,0\0,31/1/3/111111111111/11111/1/1/0/50/0/0,
12005,3,222,0,-80,0,213,0,0\0,31/1/3/111111111111/11111/1/1/0/50/0/0,
12010,3,400,0,90,0,225,0,0\0,31/1/3/111111111111/11111/1/1/0/50/0/0,
12014,3,393,0,164,0,180,0,0\0,31/1/3/111111111111/11111/1/1/0/50/0/0,
12019,3,695,0,716,0,162,0,0\0,31/1/1/111111111111/11111/1/1/0/50/0/0,
12020,3,672,0,1153,0,139,0,0\0,31/1/1/111111111111/11111/1/1/0/50/0/0,
12021,3,866,0,891,0,207,0,0\0,31/1/1/111111111111/11111/1/1/0/50/0/0,
12022,3,731,0,1181,0,189,0,0\0,31/1/1/111111111111/11111/1/1/0/50/0/0,
12023,3,756,0,1206,0,200,0,0\0,31/1/1/111111111111/11111/1/1/0/50/0/0,
12024,3,-22,0,-114,0,298,0,0\0,31/12/3/111111111111/11111/1/1/0/50/0/0,
12025,3,214,0,-116,0,354,0,0\0,31/12/3/111111111111/11111/1/1/0/50/0/0,
12026,3,709,0,1170,0,180,0,0\0,2/1/3/111111111111/11111/1/1/0/50/0/0,
100002003,3,147,0,-90,0,200,0,0\0,3/1/3/111111111111/11111/1/1/0/50/1/0,
100002006,3,703,0,1183,0,180,0,0\0,3/1/3/111111111111/11111/1/1/0/50/1/0,
100003003,3,709,0,1170,0,180,0,0\0,2/1/3/111111111111/11111/1/1/0/50/1/0,
100011003,3,702,0,1198,0,180,0,0\0,31/1/3/111111111111/11111/1/1/0/50/1/1,
100029004,3,433,0,405,0,270,0,0\0,31/1/3/111111111111/11111/1/1/0/50/1/1,
200001003,3,-5,0,-98,0,271,0,0\0,3/1/3/111111111111/11111/1/1/0/50/1/0,
200001008,3,-37,0,-89,0,200,0,0\0,31/12/3/111111111111/11111/1/1/0/50/1/0,
200001013,3,9,0,-88,0,221,0,0\0,3/1/3/111111111111/11111/1/1/0/50/1/0,
200001016,3,-58,0,-79,0,139,0,0\0,31/18/3/111111111111/11111/1/1/0/50/1/0,
200002003,3,1,0,-112,0,322,0,0\0,4/1/3/111111111111/11111/1/1/0/50/1/0,
200002011,3,408,0,110,0,44,0,0\0,3/1/3/111111111111/11111/1/1/0/50/1/0,
200002012,3,-46,0,-39,0,180,0,0\0,31/6/3/111111111111/11111/1/1/0/50/1/2,
200006006,3,390,0,140,0,180,0,0\0,31/6/3/111111111111/11111/1/1/0/50/1/2,
500003011,3,476,0,132,0,139,0,0\0,2/1/3/111111111111/11111/1/1/0/50/1/0,
500004005,3,476,0,132,0,139,0,0\0,2/1/3/111111111111/11111/1/1/0/50/1/0,
500005007,3,476,0,132,0,139,0,0\0,2/1/3/111111111111/11111/1/1/0/50/1/0,
500005014,3,476,0,132,0,139,0,0\0,2/1/3/111111111111/11111/1/1/0/50/1/0,
505002012,3,476,0,132,0,139,0,0\0,2/1/3/111111111111/11111/1/1/0/50/1/0,
800001004,3,749,0,1199,0,180,0,0\0,20/1/3/111111111111/11111/1/1/0/50/1/0,
800001006,3,673,0,1212,0,180,0,0\0,20/1/3/111111111111/11111/1/1/0/50/1/0,
900000001,3,107,0,-131,0,180,0,0\0,31/6/3/111111111111/11111/1/1/0/50/1/2,
900000002,3,390,0,140,0,180,0,0\0,31/6/3/111111111111/11111/1/1/0/50/1/2,
800001007,3,749,0,1199,0,180,0,0\0,20/1/3/111111111111/11111/1/1/0/50/1/0,
800016001,3,749,0,1153,0,180,0,0\0,20/1/3/111111111111/11111/1/1/0/50/1/0,
800016002,3,651,0,1146,0,180,0,0\0,20/1/3/111111111111/11111/1/1/0/50/1/0,
800016003,3,774,0,1174,0,180,0,0\0,20/1/3/111111111111/11111/1/1/0/50/1/0,
800016004,3,736,0,1144,0,180,0,0\0,20/1/3/111111111111/11111/1/1/0/50/1/0,
800017001,3,733,0,1159,0,180,0,0\0,20/1/3/111111111111/11111/1/1/0/50/1/0,
800017002,3,651,0,1146,0,180,0,0\0,20/1/3/111111111111/11111/1/1/0/50/1/0,
800017003,3,774,0,1174,0,180,0,0\0,20/1/3/111111111111/11111/1/1/0/50/1/0,
800017004,3,673,0,1212,0,180,0,0\0,20/1/3/111111111111/11111/1/1/0/50/1/0,
800017005,3,749,0,1199,0,180,0,0\0,20/1/3/111111111111/11111/1/1/0/50/1/0,
800017006,3,749,0,1199,0,180,0,0\0,20/1/3/111111111111/11111/1/1/0/50/1/0,
800017007,3,749,0,1199,0,180,0,0\0,20/1/3/111111111111/11111/1/1/0/50/1/0,
800019002,3,733,0,1163,0,180,0,0\0,20/1/3/111111111111/11111/1/1/0/50/1/0,
800019003,3,651,0,1146,0,180,0,0\0,20/1/3/111111111111/11111/1/1/0/50/1/0,
800019004,3,774,0,1174,0,180,0,0\0,20/1/3/111111111111/11111/1/1/0/50/1/0,
800019005,3,673,0,1212,0,180,0,0\0,20/1/3/111111111111/11111/1/1/0/50/1/0,
800019006,3,749,0,1199,0,180,0,0\0,20/1/3/111111111111/11111/1/1/0/50/1/0,
800019007,3,749,0,1199,0,180,0,0\0,20/1/3/111111111111/11111/1/1/0/50/1/0,
800019008,3,749,0,1199,0,180,0,0\0,20/1/3/111111111111/11111/1/1/0/50/1/0,
800028001,3,408,0,441,0,180,0,0\0,3/1/3/111111111111/11111/1/1/0/50/1/0,
900000056,3,-54,0,-23,0,315,0,0\0,31/1/3/111111111111/11111/1/1/0/50/0/0,
505014003,3,417,0,394,0,180,0,0\0,17/1/3/111111111111/11111/1/1/0/50/1/0,
800034001,3,168,0,-113,0,180,0,0\0,31/22/3/111111111111/11111/1/1/0/50/1/2,
800034002,3,751,0,1172,0,220,0,0\0,29/3/3/111111111111/11111/1/1/0/50/1/0,
800034003,3,773,0,1185,0,220,0,0\0,38/1/3/111111111111/11111/1/1/0/50/1/0,
800034004,3,781,0,1194,0,200,0,0\0,23/5/3/111111111111/11111/1/1/0/50/1/0,
800034005,3,414,0,854,0,180,0,0\0,2/2/3/111111111111/11111/1/1/0/50/1/0,
800034006,3,-78,0,-39,0,180,0,0\0,41/1/3/111111111111/11111/1/1/0/50/1/2,
800035001,3,-100,0,-11,0,100,0,0\0,31/22/3/111111111111/11111/1/1/0/50/1/2,
800035002,3,-45,0,8,0,180,0,0\0,31/22/3/111111111111/11111/1/1/0/50/1/2,
505024001,3,417,0,123,0,180,0,0\0,3/1/3/111111111111/11111/1/1/0/50/1/0,
505024002,3,414,0,413,0,180,0,0\0,6/2/3/111111111111/11111/1/1/0/50/1/0,
800036001,3,726,0,1201,0,180,0,0\0,19/1/3/111111111111/11111/1/1/0/50/1/0,
800036005,3,-78,0,-39,0,180,0,0\0,31/22/3/111111111111/11111/1/1/0/50/1/2,
505025001,3,416,0,832,0,180,0,0\0,4/1/3/111111111111/11111/1/1/0/50/1/0,
505026001,3,375,0,114,0,180,0,0\0,8/1/3/111111111111/11111/1/1/0/50/1/0,
505027001,3,107,0,-111,0,180,0,0\0,5/1/3/111111111111/11111/1/1/0/50/1/0,
800040001,3,396,2,124,0,180,0,0\0,31/1/3/111111111111/11111/1/1/0/50/1/0,
800042001,3,-100,0,-11,0,100,0,0\0,31/22/3/111111111111/11111/1/1/0/50/1/2,
800042002,3,-45,0,8,0,180,0,0\0,31/22/3/111111111111/11111/1/1/0/50/1/2,
800042003,3,-78,0,-39,0,180,0,0\0,31/22/3/111111111111/11111/1/1/0/50/1/2,
800050001,3,-74,0,-65,0,0,0,0\0,31/1/3/111111111111/11111/1/1/0/50/1/2,
800050002,3,408,0,398,0,180,0,0\0,17/1/3/111111111111/11111/1/1/0/50/1/0,
800050003,3,403,0,847,0,180,0,0\0,4/1/3/111111111111/11111/1/1/0/50/1/0,
800050004,3,709,0,1161,0,180,0,0\0,2/1/3/111111111111/11111/1/1/0/50/1/0,
800050005,3,689,0,1142,0,150,0,0\0,2/1/3/111111111111/11111/1/1/0/50/1/0,
800050006,3,738,0,1142,0,210,0,0\0,2/1/3/111111111111/11111/1/1/0/50/1/0,
800054007,3,384,0,113,0,180,0,0\0,31/1/3/111111111111/11111/1/1/0/50/1/0,
800055001,3,406,0,386,0,180,0,0\0,17/1/3/111111111111/11111/1/1/0/50/1/0,
800055004,3,760,0,1190,0,225,0,0\0,3/1/3/111111111111/11111/1/1/0/50/1/0,
800055008,3,397,0,170,0,180,0,0\0,31/6/3/111111111111/11111/1/1/0/50/1/2,
800055009,3,667,0,1202,0,135,0,0\0,3/1/3/111111111111/11111/1/1/0/50/1/0,
800055011,3,-72,0,-33,0,0,0,0\0,31/22/3/111111111111/11111/1/1/0/50/1/2,
12002,3,107,0,-94,0,270,0,0\0,4/1/3/111111111111/11111/1/1/0/50/0/0,
12007,3,257,0,-73,0,180,0,0\0,4/1/3/111111111111/11111/1/1/0/50/0/0,
12011,3,377,0,132,0,180,0,0\0,4/1/3/111111111111/11111/1/1/0/50/0/0,
12015,3,397,0,718,0,170,0,0\0,4/1/3/111111111111/11111/1/1/0/50/0/0,
12018,3,734,0,561,0,280,0,0\0,4/1/3/111111111111/11111/1/1/0/50/0/0,
12004,3,183,0,-90,0,148,0,0\0,3/1/3/111111111111/11111/1/1/0/50/0/0,
12006,3,247,0,-104,0,210,0,0\0,3/1/3/111111111111/11111/1/1/0/50/0/0,
12009,3,246,0,57,0,165,0,0\0,3/1/3/111111111111/11111/1/1/0/50/0/0,
12012,3,353,0,133,0,135,0,0\0,3/1/3/111111111111/11111/1/1/0/50/0/0,
12013,3,376,0,155,0,180,0,0\0,3/1/3/111111111111/11111/1/1/0/50/0/0,
12016,3,427,0,714,0,207,0,0\0,3/1/1/111111111111/11111/1/1/0/50/0/0,
12017,3,709,0,543,0,154,0,0\0,3/1/1/111111111111/11111/1/1/0/50/0/0,
800041004,3,-69,0,-93,0,0,0,0\0,31/1/3/111111111111/11111/1/1/0/50/1/2,
13001,9,216,0,-66,0,0,0,0\0,0\0\0\0\1\0\Game/Gimmick/Gimmick_Taru002
13002,9,-107,0,14,0,0,0,0\0,0\0\0\0\1\0\Game/Gimmick/Gimmick_Taru002
13003,9,-110,0,-2,0,0,0,0\0,0\0\0\0\1\0\Game/Gimmick/Gimmick_Taru001
13004,9,-94,0,-90,0,113,0,0\0,-0.5\0\0.75\1\1\0\Game/Gimmick/Gimmick_tree001
13005,9,134,-6,-76,0,140,0,0\0,0\0\0\0\1\0\Game/Gimmick/Gimmick_tree001
13006,9,211,0,-76,0,0,0,0\0,0\0\0\0\1\0\Game/Gimmick/Gimmick_Taru001
13007,9,277,0,10,0,338,0,0\0,-0.5\0\0.75\1\1\0\Game/Gimmick/Gimmick_IceBomb_Point
13008,9,459,0,125,0,0,0,0\0,0\0\0\0\1\0\Game/Gimmick/Gimmick_Taru001
13009,9,488,0,130,0,0,0,0\0,0\0\0\0\1\0\Game/Gimmick/Gimmick_Taru001
13010,9,392,0,878,0,0,0,0\0,0\0\0\0\1\0\Game/Gimmick/Gimmick_Taru001
13011,9,435,0,877,0,0,0,0\0,0\0\0\0\1\0\Game/Gimmick/Gimmick_Taru002
100033001,6,-80,0,-120,0,180,0,2\2\100033001,\Game/Field/Spawn/MapArea_02_middle_005_saku
10001,5,-51,0,-74,0,225,0,0\0,↑：アカデミー<br>→：オレガノの小屋/4/0
10002,5,-95,0,-107,0,90,0,0\0,↓：フラーレス領方面<br>「島外の文化を色濃く残した土地ゆえ、<br>  旅慣れた者のみ通行を許可しよう。<br>　　　　　　　  S.ジョーンズワート」/4/0
10003,5,127,0,-85,0,0,0,0\0,オレガノの小屋/4/0
10004,5,443,0,149,0,0,0,0\0,↑：迷いの森<br>→：ルフナ/4/0
10005,8,641,0,1208,0,0,0,0\0,2/Field
10006,8,437,0,850,0,0,0,0\0,9/Field
10007,8,426,0,161,0,0,0,0\0,1/Field
10008,6,476,144,90,72,264,264,0\0,\Effect/Spawner/FX_state002
10009,6,702,-2,1252,0,0,0,1\1\2,\Game/Gimmick/Gimmick_Boat_Area01
10010,6,376,0,411,0,0,0,1\1\10,\Game/Field/Spawn/AreaChanger_1_10
10011,6,385,0,410,0,90,0,2\2\200003003,\Game/Field/Spawn/MapArea_02_middle_005_saku
14001,11,-106,0,-22,0,159,0,0\0,1010/2/111111111111/11111/-1/,
14002,11,-89,0,-62,0,138,0,0\0,1010/2/111111111111/11111/-1/,
14003,11,165,0,-99,0,187,0,0\0,1010/2/111111111111/11111/-1/,
14004,11,701,0,1201,0,181,0,0\0,1010/2/111111111111/11111/-1/,
14005,11,429,0,119,0,272,0,0\0,1010/2/111111111111/11111/-1/,
14006,11,702,0,1225,0,180,0,0\0,1010/2/111111111111/11111/-1/,
14007,11,395,0,405,0,90,0,0\0,1010/2/111111111111/11111/-1/,
280003,11,405,0,443,0,180,0,0\0,1010/2/111111111111/11111/-1/,
80034999,11,413,0,150,0,4,0,0\0,1011/2/111111111111/11111/-1/,
15001,12,-17,0,-98,0,180,0,0\0,
15002,12,-74,0,15,0,180,0,0\0,
15003,12,83,0,-100,0,180,0,0\0,
15004,12,706,0,1144,0,180,0,0\0,
15005,12,394,0,415,0,180,0,0\0,
15006,12,424,0,129,0,180,0,0\0,
280001,12,405,0,424,0,180,0,0\0,
505014001,12,416,0,380,0,180,0,0\0,
80034001,12,120,0,-100,0,180,0,0\0,
80034002,12,413,0,147,0,180,0,0\0,
80034003,12,752,0,1154,0,180,0,0\0,
80034004,12,411,0,832,0,180,0,0\0,
5024001,12,399,0,99,0,180,0,0\0,
5024002,12,416,0,382,0,180,0,0\0,
5025001,12,411,0,810,0,180,0,0\0,
80036001,12,720,0,1159,0,180,0,0\0,
5026001,12,374,0,74,0,180,0,0\0,
5027001,12,92,0,-98,0,180,0,0\0,
8050001,12,421,0,114,0,180,0,0\0,
8050002,12,713,0,1117,0,180,0,0\0,
8055001,12,413,0,368,0,180,0,0\0,
8055004,12,734,0,1167,0,180,0,0\0,
8055008,12,386,0,142,0,180,0,0\0,
8055009,12,679,0,1187,0,180,0,0\0,
8055011,12,-70,0,-5,0,180,0,0\0,
280002,12,-44,0,-105,0,180,0,0\0,

