30001,4,231,0,-178,0,180,0,0\0,13/0/0/0/0,
30016,4,209,4,-26,0,180,0,0\0,16/0/0/0/0,
30019,4,448,0,-133,0,180,0,0\0,2/0/0/0/0,
30020,4,410,0,-37,0,180,0,0\0,2/0/0/0/0,
30027,4,327,0,-22,0,180,0,0\0,12/0/0/0/0,
30028,4,395,0,-171,0,180,0,0\0,12/0/0/0/0,
30034,4,412,0,-113,0,180,0,0\0,1/0/0/0/0,
40000,4,563,0,122,0,41,0,0\0,13/0/0/0/0,
40001,4,664,0,-28,0,36,0,0\0,13/0/0/0/0,
40008,4,289,0,-135,0,180,0,0\0,2/0/0/0/0,
40010,4,556,0,-134,0,180,0,0\0,9/0/0/0/0,
40017,4,709,3,-118,0,180,0,0\0,11/0/0/0/0,
40018,4,706,4,-140,0,180,0,0\0,11/0/0/0/0,
40021,4,619,0,93,0,41,0,0\0,1/0/0/0/0,
30033,3,625,0,-134,0,180,0,0\0,3/1/1/111111111111/11111/1/1/0/50/0/0,
40016,3,689,0,-135,0,250,0,0\0,3/1/1/111111111111/11111/1/1/0/50/0/0,
30035,3,545,0,-137,0,178,0,0\0,3/1/1/111111111111/11111/1/1/0/50/0/0,
30036,3,661,0,-60,0,178,0,0\0,3/1/1/111111111111/11111/1/1/0/50/0/0,
30037,3,423,0,-155,0,178,0,0\0,3/1/1/111111111111/11111/1/1/0/50/0/0,
30038,3,476,0,-160,0,0,0,0\0,3/1/1/111111111111/11111/1/1/0/50/0/0,
30040,3,332,0,-189,0,0,0,0\0,3/1/1/111111111111/11111/1/1/0/50/0/0,
30041,3,221,0,-176,0,180,0,0\0,3/1/1/111111111111/11111/1/1/0/50/0/0,
30042,3,288,0,-144,0,220,0,0\0,3/1/1/111111111111/11111/1/1/0/50/0/0,
30043,3,338,0,-23,0,220,0,0\0,3/1/1/111111111111/11111/1/1/0/50/0/0,
30044,3,246,0,-27,0,120,0,0\0,3/1/1/111111111111/11111/1/1/0/50/0/0,
30045,3,219,0,-73,0,120,0,0\0,3/1/1/111111111111/11111/1/1/0/50/0/0,
30046,3,611,0,109,0,120,0,0\0,3/1/1/111111111111/11111/1/1/0/50/0/0,
850002001,3,275,0,-158,0,180,0,0\0,17/1/3/111111111111/11111/1/1/0/50/1/3,
800041010,3,275,0,-63,0,180,0,0\0,17/1/3/111111111111/11111/1/1/0/50/1/3,
13002,9,600,0,133,0,0,0,0\0,0\0\0\0\3\0\Game/Gimmick/Gimmick_Taru002
30004,1,124,0,-203,0,36,0,0\0,1,
30005,1,255,0,-204,0,36,0,0\0,1,
30006,1,294,0,-210,0,36,0,0\0,1,
30007,1,390,0,-144,0,36,0,0\0,1,
30008,1,390,10,-144,0,36,0,0\0,5,
30009,1,294,10,-210,0,36,0,0\0,5,
30010,1,255,10,-204,0,36,0,0\0,5,
30012,1,224,10,-139,0,36,0,0\0,5,
40007,8,248,0,-169,0,0,0,0\0,30/Field
40011,8,693,0,-93,0,0,0,0\0,32/Field

