501001,4,635,-1,5,0,0,0,0\0,17/0/0/0/0,
501002,4,566,-1,446,0,0,0,0\0,17/0/0/0/0,
501003,4,294,0,-162,0,0,0,0\0,16/0/0/0/0,
501004,4,576,0,119,0,180,0,0\0,2/0/0/0/0,
501005,4,455,0,22,0,180,0,0\0,15/0/0/0/0,
501006,4,1078,0,344,0,180,0,0\0,8/0/0/0/0,
501007,4,155,0,-13,0,41,0,0\0,13/0/0/0/0,
501008,4,740,0,301,0,41,0,0\0,13/0/0/0/0,
502001,3,186,0,29,0,252,0,0\0,31/1/1/111111111111/11111/1/1/0/50/0/0,
502002,3,185,0,-22,0,290,0,0\0,31/1/1/111111111111/11111/1/1/0/50/0/0,
502003,3,592,0,449,0,110,0,0\0,31/1/1/111111111111/11111/1/1/0/50/0/0,
502004,3,331,0,-144,0,263,0,0\0,2/2/1/111111111111/11111/1/1/0/50/0/0,
502005,3,635,0,107,0,262,0,0\0,2/2/1/111111111111/11111/1/1/0/50/0/0,
502006,3,750,0,133,0,0,0,0\0,2/2/1/111111111111/11111/1/1/0/50/0/0,
502007,3,892,0,265,0,15,0,0\0,2/2/1/111111111111/11111/1/1/0/50/0/0,
502008,3,750,0,309,0,180,0,0\0,2/2/1/111111111111/11111/1/1/0/50/0/0,
502009,3,313,0,-29,0,285,0,0\0,15/1/1/111111111111/11111/1/1/0/50/0/0,
502010,3,434,0,-15,0,0,0,0\0,15/1/1/111111111111/11111/1/1/0/50/0/0,
502011,3,761,0,179,0,200,0,0\0,15/1/1/111111111111/11111/1/1/0/50/0/0,
502012,3,624,0,-2,0,269,0,0\0,15/1/1/111111111111/11111/1/1/0/50/0/0,
502013,3,904,0,309,0,268,0,0\0,15/1/1/111111111111/11111/1/1/0/50/0/0,
502014,3,1082,0,329,0,229,0,0\0,15/1/1/111111111111/11111/1/1/0/50/0/0,
502015,3,595,0,370,0,170,0,0\0,4/1/1/111111111111/11111/1/1/0/50/0/0,
502016,3,119,0,-31,0,282,0,0\0,19/1/1/111111111111/11111/1/1/0/50/0/0,
502017,3,566,0,170,0,165,0,0\0,19/1/1/111111111111/11111/1/1/0/50/0/0,
502018,3,1025,0,279,0,70,0,0\0,15/1/1/111111111111/11111/1/1/0/50/0/0,
800028074,3,1017,0,304,0,90,0,0\0,15/4/3/111111111111/11111/1/1/0/50/1/1,
503001,9,605,0,231,0,345,0,0\0,-0.5\0\0.75\1\1\0\Game/Gimmick/Gimmick_tree001
503002,9,595,0,241,0,0,0,0\0,-0.5\0\0.75\1\1\0\Game/Gimmick/Gimmick_tree001
800028073,12,1051,0,301,0,180,0,0\0,

