10000,4,-685,35,-287,0,180,0,0\0,17/0/0/0/0,
10001,4,-558,-14,-292,0,180,0,0\0,17/0/0/0/0,
10002,4,-547,0,-201,0,180,0,0\0,4/0/0/0/0,
10003,4,-519,0,-228,0,345,0,0\0,5/0/0/0/0,
10012,4,-580,-15,-106,0,180,0,0\0,17/0/0/0/0,
10013,4,-370,0,-200,0,180,0,0\0,9/0/0/0/0,
10026,4,-616,-11,-297,0,142,0,0\0,5/0/0/0/0,
10027,4,-536,2,-98,0,180,0,0\0,17/0/0/0/0,
10028,4,-529,2,-121,0,180,0,0\0,17/0/0/0/0,
10029,4,-556,2,-98,0,180,0,0\0,17/0/0/0/0,
10017,3,-620,-6,-265,0,153,0,0\0,8/1/1/111111111111/11111/1/1/0/50/0/0,
10018,3,-486,0,-257,0,210,0,0\0,8/1/1/111111111111/11111/1/1/0/50/0/0,
10024,3,-560,0,-249,0,236,0,0\0,3/1/1/111111111111/11111/1/1/0/50/0/0,
100016003,3,-495,0,-225,0,210,0,0\0,8/1/3/111111111111/11111/1/1/0/50/1/0,
500006014,3,-495,0,-225,0,210,0,0\0,8/1/3/111111111111/11111/1/1/0/50/1/0,
500006018,3,-495,0,-225,0,210,0,0\0,8/1/3/111111111111/11111/1/1/0/50/1/0,
800034007,3,-398,0,-202,0,210,0,0\0,29/3/3/111111111111/11111/1/1/0/50/1/0,
800036002,3,-508,0,-234,0,210,0,0\0,8/3/3/111111111111/11111/1/1/0/50/1/0,
800055002,3,-459,0,-211,0,210,0,0\0,8/1/3/111111111111/11111/1/1/0/50/1/0,
10006,9,-578,0,-227,0,0,0,0\0,0\0\0\0\1\0\Game/Gimmick/Gimmick_breakwall03_01
10007,9,-544,0,-192,0,0,0,0\0,0\0\0\0\1\0\Game/Gimmick/Gimmick_breakwall03_02
10015,9,-535,-15,-303,0,0,0,0\0,0\0\0\0\1\0\Game/Gimmick/Gimmick_IceBomb_Point
10016,9,-583,-15,-294,0,0,0,0\0,0\0\0\0\1\0\Game/Gimmick/Gimmick_IceBomb_Point
10020,9,-655,-10,-305,0,113,0,0\0,-0.5\0\0.75\1\3\0\Game/Gimmick/Gimmick_GrowthBomb_Root
10021,9,-570,-15,-117,0,236,0,0\0,-0.5\0\0.75\1\1.5\225\Game/Gimmick/Gimmick_GrowthBomb_Root
13001,9,-517,-14,-311,0,0,0,0\0,0\0\0\0\3\0\Game/Gimmick/Gimmick_Taru002
10010,8,-427,0,-195,0,0,0,0\0,3/Field
10014,5,-462,4,-190,0,0,0,0\0,←：白蓮池<br>→：ローズヒップ邸/4/0
10025,6,-619,-16,-328,0,0,0,0\0,\Game/Gimmick/Gimmick_Boat_Area02
15006,12,-459,0,-215,0,180,0,0\0,
80034005,12,-411,0,-222,0,180,0,0\0,
80036002,12,-534,0,-235,0,180,0,0\0,
8055002,12,-485,0,-235,0,180,0,0\0,

