11001,4,-51,0,-33,0,180,0,0,2/0/0/0/0,
11002,4,-63,0,-44,0,180,0,0,2/0/0/0/0,
11003,4,-89,0,-53,0,180,0,0,2/0/0/0/0,
11004,4,-87,0,-65,0,180,0,0,13/0/0/0/0,
11005,4,-28,2,-87,0,180,0,0,8/0/0/0/0,
11006,4,-12,0,-85,0,180,0,0,9/0/0/0/0,
11007,4,5,0,-87,0,180,0,0,17/0/0/0/0,
11009,4,-34,0,-113,0,180,0,0,2/0/0/0/0,
11024,4,222,0,-55,0,180,0,0,2/0/0/0/0,
11021,4,231,0,-119,0,180,0,0,1/0/0/0/0,
11017,4,90,5,-116,0,180,0,0,10/0/0/0/0,
11012,4,33,-7,-123,0,112,0,0,5/0/0/0/0,
11015,4,99,-6,-59,0,303,0,0,5/0/0/0/0,
11027,4,306,0,7,0,180,0,0,2/0/0/0/0,
11010,4,-17,-2,-134,0,135,0,0,10/0/0/0/0,
11029,4,246,0,71,0,170,0,0,17/0/0/0/0,
11030,4,276,2,83,0,180,0,0,8/0/0/0/0,
11018,4,115,0,-86,0,180,0,0,15/0/0/0/0,
11042,4,574,0,573,0,180,0,0,2/0/0/0/0,
11040,4,400,0,839,0,180,0,0,15/0/0/0/0,
11043,4,850,0,728,0,180,0,0,2/0/0/0/0,
11044,4,736,0,867,0,180,0,0,17/0/0/0/0,
11034,4,340,0,131,0,180,0,0,17/0/0/0/0,
11033,4,364,0,100,0,180,0,0,2/0/0/0/0,
11020,4,151,0,-129,0,180,0,0,2/0/0/0/0,
11014,4,39,0,15,0,180,0,0,9/0/0/0/0,
11013,4,-5,0,17,0,180,0,0,15/0/0/0/0,
11019,4,125,0,-60,0,180,0,0,9/0/0/0/0,
11022,4,259,0,-91,0,180,0,0,2/0/0/0/0,
11025,4,234,0,-41,0,180,0,0,15/0/0/0/0,
11031,4,304,0,90,0,180,0,0,15/0/0/0/0,
11037,4,439,0,111,0,180,0,0,15/0/0/0/0,
11036,4,373,0,168,0,180,0,0,15/0/0/0/0,
11039,4,425,0,575,0,180,0,0,9/0/0/0/0,
11041,4,378,0,853,0,180,0,0,15/0/0/0/0,
11045,4,729,0,1004,0,180,0,0,17/0/0/0/0,
11046,4,756,0,1143,0,180,0,0,15/0/0/0/0,
11051,4,645,0,1165,0,180,0,0,8/0/0/0/0,
11047,4,789,2,1200,0,180,0,0,16/0/0/0/0,
11038,4,395,0,416,0,180,0,0,17/0/0/0/0,
11008,4,16,0,-98,0,135,0,0,12/0/0/0/0,
11011,4,15,-5,-124,0,170,0,0,16/0/0/0/0,
11016,4,84,-6,-65,0,180,0,0,4/0/0/0/0,
11023,4,267,0,-62,0,180,0,0,15/0/0/0/0,
11026,4,291,0,15,0,180,0,0,4/0/0/0/0,
11028,4,246,0,23,0,306,0,0,5/0/0/0/0,
11032,4,350,0,60,0,180,0,0,10/0/0/0/0,
11035,4,349,0,147,0,180,0,0,17/0/0/0/0,
11050,4,692,0,1155,0,170,0,0,10/0/0/0/0,
11048,4,780,2,1214,0,180,0,0,16/0/0/0/0,
11049,4,766,2,1208,0,180,0,0,16/0/0/0/0,
11052,4,-75,0,-16,0,0,0,0,14/62.42/0/15.17/1,
12005,3,236,0,-54,0,213,0,0,31/1/3/111111111111/11111/1/1/0/50/0/0,
12003,3,114,0,-121,0,307,0,0,31/1/3/111111111111/11111/1/1/0/50/0/0,
12022,3,731,0,1181,0,189,0,0,31/1/1/111111111111/11111/1/1/0/50/0/0,
12023,3,777,0,1198,0,200,0,0,31/1/1/111111111111/11111/1/1/0/50/0/0,
12021,3,871,0,876,0,207,0,0,31/1/1/111111111111/11111/1/1/0/50/0/0,
12010,3,406,0,95,0,225,0,0,31/1/3/111111111111/11111/1/1/0/50/0/0,
12019,3,707,0,724,0,162,0,0,31/1/1/111111111111/11111/1/1/0/50/0/0,
12001,3,-73,0,-100,0,180,0,0,31/1/3/111111111111/11111/1/1/0/50/0/0,
12014,3,411,0,183,0,180,0,0,31/1/3/111111111111/11111/1/1/0/50/0/0,
12020,3,672,0,1153,0,139,0,0,31/1/1/111111111111/11111/1/1/0/50/0/0,
12024,3,411,0,748,0,180,0,0,2/1/3/111111111111/11111/1/1/0/50/0/0,
12025,3,-77,0,-74,0,180,0,0,31/1/3/111111111111/11111/1/1/0/50/0/0,
12026,3,396,3,124,0,180,0,0,3/1/3/111111111111/11111/1/1/0/50/0/0,
12027,3,-93,0,-32,0,180,0,0,31/10/3/111111111111/11111/1/1/0/50/0/0,
12028,3,456,0,135,0,240,0,0,17/1/3/111111111111/11111/1/1/0/50/0/0,
12029,3,440,0,132,0,240,0,0,4/1/3/111111111111/11111/1/1/0/50/0/0,
12030,3,701,0,1192,0,180,0,0,31/1/3/111111111111/11111/1/1/0/50/0/0,
12011,3,377,0,132,0,180,0,0,4/1/3/111111111111/11111/1/1/0/50/0/0,
12002,3,69,0,-97,0,270,0,0,4/3/3/111111111111/11111/1/1/0/50/0/0,
12007,3,258,0,-17,0,180,0,0,4/1/3/111111111111/11111/1/1/0/50/0/0,
12015,3,404,0,701,0,170,0,0,4/1/3/111111111111/11111/1/1/0/50/0/0,
12018,3,722,0,562,0,280,0,0,4/1/3/111111111111/11111/1/1/0/50/0/0,
12016,3,427,0,714,0,207,0,0,3/1/1/111111111111/11111/1/1/0/50/0/0,
12013,3,370,0,154,0,180,0,0,3/1/3/111111111111/11111/1/1/0/50/0/0,
12004,3,135,0,-87,0,148,0,0,3/1/3/111111111111/11111/1/1/0/50/0/0,
12006,3,247,0,-104,0,210,0,0,3/1/3/111111111111/11111/1/1/0/50/0/0,
12009,3,265,0,71,0,210,0,0,3/1/3/111111111111/11111/1/1/0/50/0/0,
12012,3,353,0,133,0,135,0,0,3/1/3/111111111111/11111/1/1/0/50/0/0,
12017,3,707,0,580,0,207,0,0,3/1/1/111111111111/11111/1/1/0/50/0/0,
13001,9,216,0,-66,0,0,0,0,0\0\0\0\1\Game/Gimmick/Gimmick_Taru002
13002,9,-107,0,14,0,0,0,0,0\0\0\0\1\Game/Gimmick/Gimmick_Taru002
13003,9,-110,0,-2,0,0,0,0,0\0\0\0\1\Game/Gimmick/Gimmick_Taru001
13004,9,-94,0,-90,0,113,0,0,-0.5\0\0.75\1\1\Game/Gimmick/Gimmick_tree001
13005,9,111,-6,-63,0,140,0,0,0\0\0\0\1\Game/Gimmick/Gimmick_tree001
13006,9,211,0,-76,0,0,0,0,0\0\0\0\1\Game/Gimmick/Gimmick_Taru001
13007,9,277,0,10,0,338,0,0,-0.5\0\0.75\1\1\Game/Gimmick/Gimmick_IceBomb_Point
13008,9,469,0,124,0,0,0,0,0\0\0\0\1\Game/Gimmick/Gimmick_Taru001
13009,9,484,0,127,0,0,0,0,0\0\0\0\1\Game/Gimmick/Gimmick_Taru001
13010,9,392,0,878,0,0,0,0,0\0\0\0\1\Game/Gimmick/Gimmick_Taru001
13011,9,435,0,877,0,0,0,0,0\0\0\0\1\Game/Gimmick/Gimmick_Taru001
10001,5,-51,0,-74,0,0,0,0,妖精の森入口　→/4
10002,5,-95,0,-107,0,0,0,0,橋修理中　通行止め/4
10003,5,127,0,-85,0,0,0,0,木こりオレガノの家/4
10004,5,443,0,149,0,0,0,0,ルフナ村入口　→/4
10005,8,641,0,1208,0,0,0,0,2/Field
10006,8,437,0,850,0,0,0,0,9/Field
10007,8,426,0,161,0,0,0,0,1/Field
10008,6,476,144,90,72,264,264,0,\Effect/Spawner/FX_state002
10009,10,702,0,1252,0,0,0,1\2,-0.5\0\0.75\1\1\Game/Gimmick/Gimmick_Boat_Area01

