1010,4,36,0,127,0,180,0,0\0,2/0/0/0/0,
1011,4,-32,0,103,0,180,0,0\0,2/0/0/0/0,
1012,4,24,0,174,0,180,0,0\0,9/0/0/0/0,
900000010,3,5,0,104,0,180,0,0\0,5/1/3/111111111111/11111/1/1/0/50/1/0,
900000013,3,5,0,104,0,180,0,0\0,5/1/3/111111111111/11111/1/1/0/50/1/0,
900000014,3,5,0,104,0,180,0,0\0,5/1/3/111111111111/11111/1/1/0/50/1/0,
900000015,3,5,0,104,0,180,0,0\0,5/1/3/111111111111/11111/1/1/0/50/1/0,
900000016,3,5,0,104,0,180,0,0\0,5/1/3/111111111111/11111/1/1/0/50/1/0,
900000017,3,5,0,104,0,180,0,0\0,5/1/3/111111111111/11111/1/1/0/50/1/0,
900000018,3,5,0,104,0,180,0,0\0,5/1/3/111111111111/11111/1/1/0/50/1/0,
900000019,3,5,0,104,0,180,0,0\0,5/1/3/111111111111/11111/1/1/0/50/1/0,
900000020,3,5,0,104,0,180,0,0\0,5/1/3/111111111111/11111/1/1/0/50/1/0,
900000021,3,5,0,104,0,180,0,0\0,5/1/3/111111111111/11111/1/1/0/50/1/0,
900000022,3,5,0,104,0,180,0,0\0,5/1/3/111111111111/11111/1/1/0/50/1/0,
900000023,3,5,0,104,0,180,0,0\0,5/1/3/111111111111/11111/1/1/0/50/1/0,
900000024,3,5,0,104,0,180,0,0\0,5/1/3/111111111111/11111/1/1/0/50/1/0,
900000025,3,5,0,104,0,180,0,0\0,5/1/3/111111111111/11111/1/1/0/50/1/0,
900000026,3,5,0,104,0,180,0,0\0,5/1/3/111111111111/11111/1/1/0/50/1/0,
900000027,3,5,0,104,0,180,0,0\0,5/1/3/111111111111/11111/1/1/0/50/1/0,
900000028,3,5,0,104,0,180,0,0\0,5/1/3/111111111111/11111/1/1/0/50/1/0,
900000029,3,5,0,104,0,180,0,0\0,5/1/3/111111111111/11111/1/1/0/50/1/0,
900000030,3,5,0,104,0,180,0,0\0,5/1/3/111111111111/11111/1/1/0/50/1/0,
900000031,3,5,0,104,0,180,0,0\0,5/1/3/111111111111/11111/1/1/0/50/1/0,
900000032,3,5,0,104,0,180,0,0\0,5/1/3/111111111111/11111/1/1/0/50/1/0,
900000033,3,5,0,104,0,180,0,0\0,5/1/3/111111111111/11111/1/1/0/50/1/0,
900000034,3,5,0,104,0,180,0,0\0,5/1/3/111111111111/11111/1/1/0/50/1/0,
900000035,3,5,0,104,0,180,0,0\0,5/1/3/111111111111/11111/1/1/0/50/1/0,
900000036,3,5,0,104,0,180,0,0\0,5/1/3/111111111111/11111/1/1/0/50/1/0,
900000037,3,5,0,104,0,180,0,0\0,5/1/3/111111111111/11111/1/1/0/50/1/0,
900000038,3,5,0,104,0,180,0,0\0,5/1/3/111111111111/11111/1/1/0/50/1/0,
900000039,3,5,0,104,0,180,0,0\0,5/1/3/111111111111/11111/1/1/0/50/1/0,
11027,5,-5,0,-25,0,0,0,0\0,黄金の果樹園<br>「うに」の類のみ採取を許す/4/3

