20000,3,60,0,-56,0,228,0,0\0,31/5/1/111111111111/11111/1/1/0/50/0/0,
20001,3,0,0,-50,0,240,0,0\0,30/3/1/111111111111/11111/1/1/0/50/0/0,
20002,3,-38,0,-46,0,134,0,0\0,2/1/1/111111111111/11111/1/1/0/50/0/0,
20003,3,20,0,0,0,240,0,0\0,2/1/1/111111111111/11111/1/1/0/50/0/0,
20004,3,66,20,2,0,145,0,0\0,10/1/1/111111111111/11111/1/1/0/50/0/0,
20005,3,-20,0,-20,0,330,0,0\0,10/1/1/111111111111/11111/1/1/0/50/0/0,
20006,3,-30,20,40,0,145,0,0\0,10/1/1/111111111111/11111/1/1/0/50/0/0,
40000,9,-30,0,-65,0,180,0,0\0,0\0\0\0\1\0\Game/Gimmick/Gimmick_Break_Rock01
40001,9,0,0,0,0,180,0,0\0,0\0\0\0\1\0\Game/Gimmick/Gimmick_Break_Rock01
40002,9,34,0,-41,0,0,0,0\0,0\0\0\0\1\0\Game/Gimmick/Gimmick_Taru002
40003,13,45,20,30,0,270,0,0\0,0.00\0.00\1.80\0.5\0.00\0.00\-1.80\0.5\Game/Gimmick/Gimmick_WindBomb_Point_Mega
30000,4,-48,0,-36,0,180,0,0\0,2/0/0/0/0,
30001,4,-37,20,28,0,180,0,0\0,2/0/0/0/0,
30002,4,14,20,37,0,180,0,0\0,3/0/0/0/0,
30003,4,84,20,57,0,180,0,0\0,3/0/0/0/0,
30004,4,70,20,-30,0,180,0,0\0,3/0/0/0/0,
30005,4,-10,0,-5,0,180,0,0\0,3/0/0/0/0,
30006,4,10,0,-5,0,180,0,0\0,3/0/0/0/0,
30007,4,106,-20,28,0,180,0,0\0,1/0/0/0/0,
30008,4,74,0,-55,0,180,0,0\0,1/0/0/0/0,
30009,4,44,-20,-21,0,180,0,0\0,1/0/0/0/0,

