401001,4,-140,0,163,0,0,0,0\0,17/0/0/0/0,
401002,4,-200,0,141,0,0,0,0\0,15/0/0/0/0,
401003,4,-238,2,9,0,0,0,0\0,5/0/0/0/0,
401004,4,-312,0,-75,0,0,0,0\0,15/0/0/0/0,
401005,4,-185,2,-143,0,0,0,0\0,5/0/0/0/0,
401006,4,-103,0,-156,0,0,0,0\0,16/0/0/0/0,
401007,4,-30,0,-143,0,0,0,0\0,16/0/0/0/0,
401008,4,0,0,-123,0,0,0,0\0,16/0/0/0/0,
401009,4,20,0,-142,0,0,0,0\0,16/0/0/0/0,
401010,4,20,0,-162,0,0,0,0\0,16/0/0/0/0,
401011,4,8,0,-152,0,0,0,0\0,15/0/0/0/0,
401012,4,-15,0,-152,0,0,0,0\0,15/0/0/0/0,
401013,4,-4,0,-140,0,0,0,0\0,15/0/0/0/0,
401019,4,-316,2,17,0,0,0,0\0,20/0/0/0/0,
401020,4,-11,2,-19,0,180,0,0\0,20/0/0/0/0,
401021,4,-315,2,-138,0,270,0,0\0,20/0/0/0/0,
401022,4,-293,2,-232,0,90,0,0\0,20/0/0/0/0,
401023,4,-278,2,-312,0,90,0,0\0,20/0/0/0/0,
401014,4,-20,0,-126,0,0,0,0\0,8/0/0/0/0,
401015,4,18,0,-126,0,0,0,0\0,8/0/0/0/0,
401016,4,-29,0,-167,0,0,0,0\0,8/0/0/0/0,
401017,4,-9,0,-170,0,0,0,0\0,8/0/0/0/0,
401018,4,8,0,-172,0,0,0,0\0,8/0/0/0/0,
402004,3,-139,0,110,0,180,0,0\0,31/3/1/111111111111/11111/1/1/0/50/0/0,
402007,3,-105,0,15,0,45,0,0\0,18/1/1/111111111111/11111/1/1/0/50/0/0,
402008,3,-187,0,-25,0,45,0,0\0,18/1/1/111111111111/11111/1/1/0/50/0/0,
402009,3,-290,0,-25,0,315,0,0\0,18/1/1/111111111111/11111/1/1/0/50/0/0,
402010,3,-336,0,-299,0,270,0,0\0,18/1/1/111111111111/11111/1/1/0/50/0/0,
800020012,3,-282,0,-317,0,330,0,0\0,21/2/3/111111111111/11111/1/1/0/50/1/0,
402005,3,-160,0,69,0,90,0,0\0,4/2/1/111111111111/11111/1/1/0/50/0/0,
402006,3,-272,0,-6,0,90,0,0\0,4/2/1/111111111111/11111/1/1/0/50/0/0,
402011,3,-287,0,-274,0,270,0,0\0,4/2/1/111111111111/11111/1/1/0/50/0/0,
402001,3,-37,0,-14,0,0,0,0\0,1/2/1/111111111111/11111/1/1/0/50/0/0,
402002,3,-308,0,-39,0,180,0,0\0,1/2/1/111111111111/11111/1/1/0/50/0/0,
402003,3,-291,0,-90,0,0,0,0\0,1/2/1/111111111111/11111/1/1/0/50/0/0,
403001,9,-182,0,31,0,0,0,0\0,0\0\0\0\1\0\Game/Gimmick/Gimmick_Break_Rock02
403002,9,-167,0,13,0,0,0,0\0,0\0\0\0\1\0\Game/Gimmick/Gimmick_Break_Rock02
403003,9,-142,0,13,0,0,0,0\0,0\0\0\0\1\0\Game/Gimmick/Gimmick_Break_Rock02
403004,9,-149,0,-64,0,0,0,0\0,0\0\0\0\1\0\Game/Gimmick/Gimmick_Break_Rock02
403005,9,-287,0,-14,0,0,0,0\0,0\0\0\0\1\0\Game/Gimmick/Gimmick_Break_Rock02
403006,9,-298,0,3,0,0,0,0\0,0\0\0\0\1\0\Game/Gimmick/Gimmick_Break_Rock02
403007,9,-308,0,-160,0,0,0,0\0,0\0\0\0\1\0\Game/Gimmick/Gimmick_Break_Rock02
403008,9,-295,0,-145,0,0,0,0\0,0\0\0\0\1\0\Game/Gimmick/Gimmick_Break_Rock02
403009,9,-322,0,-282,0,0,0,0\0,0\0\0\0\1\0\Game/Gimmick/Gimmick_Break_Rock02
403010,9,-305,0,-299,0,0,0,0\0,0\0\0\0\1\0\Game/Gimmick/Gimmick_Break_Rock02
403011,9,-130,2,-147,0,0,0,0\0,0\0\0\1.2\1\0\Game/Gimmick/Gimmick_IceBomb_Point2
107009,12,-132,0,-30,0,0,0,0\0,
107010,12,-153,0,-149,0,0,0,0\0,
107011,12,-296,0,-273,0,0,0,0\0,

