20002,4,-95,0,112,0,180,0,0\0,16/0/0/0/0,
20003,4,-159,0,81,0,180,0,0\0,4/0/0/0/0,
20004,4,-11,0,-195,0,180,0,0\0,2/0/0/0/0,
20008,4,65,0,-168,0,180,0,0\0,2/0/0/0/0,
20009,4,-278,0,6,0,180,0,0\0,2/0/0/0/0,
20016,4,-155,0,-45,0,180,0,0\0,13/0/0/0/0,
20034,4,-21,0,-109,0,180,0,0\0,2/0/0/0/0,
20035,4,-55,0,-14,0,180,0,0\0,2/0/0/0/0,
20036,4,-218,0,-74,0,180,0,0\0,2/0/0/0/0,
20037,4,-247,0,-73,0,180,0,0\0,2/0/0/0/0,
20038,4,-83,0,-103,0,180,0,0\0,13/0/0/0/0,
20039,4,-216,0,-14,0,180,0,0\0,12/0/0/0/0,
20040,4,-248,0,-104,0,180,0,0\0,12/0/0/0/0,
20041,4,-187,0,-137,0,180,0,0\0,1/0/0/0/0,
20042,4,-278,0,-168,0,180,0,0\0,1/0/0/0/0,
1,3,-246,0,-22,0,180,0,0\0,7/1/1/111111111111/11111/1/1/0/50/0/0,
2,3,-170,0,-76,0,90,0,0\0,7/1/1/111111111111/11111/1/1/0/50/0/0,
3,3,-96,0,-15,0,270,0,0\0,7/1/1/111111111111/11111/1/1/0/50/0/0,
4,3,-246,0,-121,0,179,0,0\0,7/1/1/111111111111/11111/1/1/0/50/0/0,
5,3,-120,0,-165,0,266,0,0\0,7/1/1/111111111111/11111/1/1/0/50/0/0,
20012,3,-140,0,-137,0,270,0,0\0,31/1/1/111111111111/11111/1/1/0/50/0/0,
20013,3,-220,0,-203,0,180,0,0\0,31/1/1/111111111111/11111/1/1/0/50/0/0,
20014,3,-246,0,-62,0,0,0,0\0,7/3/1/111111111111/11111/1/1/0/50/0/0,
20015,3,-61,0,14,0,270,0,0\0,7/3/1/111111111111/11111/1/1/0/50/0/0,
20018,3,-279,0,-16,0,180,0,0\0,17/1/1/111111111111/11111/1/1/0/50/0/0,
20019,3,-52,0,-103,0,180,0,0\0,17/1/1/111111111111/11111/1/1/0/50/0/0,
20020,3,-125,0,11,0,180,0,0\0,3/1/1/111111111111/11111/1/1/0/50/0/0,
20022,3,-187,0,-108,0,180,0,0\0,31/1/1/111111111111/11111/1/1/0/50/0/0,
20023,3,-52,0,-46,0,180,0,0\0,31/2/1/111111111111/11111/1/1/0/50/0/0,
20024,3,-151,0,53,0,180,0,0\0,31/2/1/111111111111/11111/1/1/0/50/0/0,
20026,3,-22,0,-142,0,180,0,0\0,7/3/1/111111111111/11111/1/1/0/50/0/0,
20027,3,-220,0,-151,0,181,0,0\0,7/3/1/111111111111/11111/1/1/0/50/0/0,
20028,3,-215,0,12,0,90,0,0\0,17/1/1/111111111111/11111/1/1/0/50/0/0,
20030,3,-277,0,-152,0,0,0,0\0,17/1/1/111111111111/11111/1/1/0/50/0/0,
20031,3,-190,0,-31,0,180,0,0\0,3/1/1/111111111111/11111/1/1/0/50/0/0,
20032,3,-23,0,-12,0,0,0,0\0,3/1/1/111111111111/11111/1/1/0/50/0/0,
20033,3,-110,0,-62,0,270,0,0\0,3/1/1/111111111111/11111/1/1/0/50/0/0,
20034,3,-93,0,-225,0,270,0,0\0,3/1/1/111111111111/11111/1/1/0/50/0/0,
20035,3,-141,0,-48,0,225,0,0\0,3/1/1/111111111111/11111/1/1/0/50/0/0,
20036,3,-186,0,-211,0,180,0,0\0,3/1/1/111111111111/11111/1/1/0/50/0/0,
20037,3,-30,0,-204,0,220,0,0\0,3/1/1/111111111111/11111/1/1/0/50/0/0,
20038,3,74,0,-173,0,220,0,0\0,3/1/1/111111111111/11111/1/1/0/50/0/0,
20005,9,-145,0,-208,0,0,0,0\0,0\0\0\0\1\0\Game/Gimmick/Gimmick_break04
20006,9,-171,0,27,0,0,0,0\0,0\0\0\0\1\0\Game/Gimmick/Gimmick_break04
20007,9,448,0,-136,0,0,0,0\0,0\0\0\0\1\0\Game/Gimmick/Gimmick_break04
23001,9,-22,0,-73,0,0,0,0\0,0\0\0\0\3\0\Game/Gimmick/Gimmick_Taru002
800028016,12,-156,0,-168,0,0,0,0\0,
40006,8,-200,0,-204,0,0,0,0\0,29/Field
40007,8,-122,0,95,0,0,0,0\0,31/Field

