101001,4,-839,0,37,0,180,0,0\0,17/0/0/0/0,
201001,4,-131,0,229,0,180,0,0\0,2/0/0/0/0,
201003,4,-38,0,95,0,180,0,0\0,17/0/0/0/0,
201005,4,105,0,258,0,180,0,0\0,17/0/0/0/0,
201006,4,104,0,201,0,180,0,0\0,17/0/0/0/0,
201007,4,207,0,376,0,180,0,0\0,2/0/0/0/0,
301001,4,-606,0,546,0,180,0,0\0,2/0/0/0/0,
301002,4,-465,0,597,0,180,0,0\0,17/0/0/0/0,
301003,4,-577,0,686,0,180,0,0\0,2/0/0/0/0,
301005,4,-436,0,702,0,180,0,0\0,17/0/0/0/0,
301006,4,-636,0,924,0,180,0,0\0,17/0/0/0/0,
301007,4,-563,0,807,0,180,0,0\0,17/0/0/0/0,
301008,4,-275,0,800,0,180,0,0\0,2/0/0/0/0,
301009,4,595,0,799,0,180,0,0\0,17/0/0/0/0,
301010,4,780,0,1081,0,180,0,0\0,17/0/0/0/0,
301011,4,586,0,970,0,180,0,0\0,17/0/0/0/0,
301012,4,755,0,889,0,180,0,0\0,2/0/0/0/0,
301013,4,837,0,774,0,180,0,0\0,2/0/0/0/0,
1012001,3,-848,0,22,0,345,0,0\0,10/2/1/111111111111/11111/1/1/0/50/0/0,
1012002,3,-849,0,121,0,90,0,0\0,10/2/1/111111111111/11111/1/1/0/50/0/0,
1012003,3,-758,0,102,0,0,0,0\0,1/2/1/111111111111/11111/1/1/0/50/0/0,
1012004,3,-131,0,20,0,180,0,0\0,19/3/1/111111111111/11111/1/1/0/50/0/0,
1012005,3,-37,0,18,0,90,0,0\0,19/3/1/111111111111/11111/1/1/0/50/0/0,
1012006,3,-2,0,111,0,225,0,0\0,1/2/1/111111111111/11111/1/1/0/50/0/0,
1012007,3,-96,0,228,0,225,0,0\0,1/2/1/111111111111/11111/1/1/0/50/0/0,
1012008,3,-118,0,192,0,0,0,0\0,19/3/1/111111111111/11111/1/1/0/50/0/0,
1012009,3,-102,0,-13,0,330,0,0\0,19/3/1/111111111111/11111/1/1/0/50/0/0,
1012010,3,11,0,218,0,220,0,0\0,1/2/1/111111111111/11111/1/1/0/50/0/0,
1012011,3,61,0,191,0,30,0,0\0,19/3/1/111111111111/11111/1/1/0/50/0/0,
1012012,3,131,0,220,0,220,0,0\0,1/2/1/111111111111/11111/1/1/0/50/0/0,
1012013,3,117,0,272,0,180,0,0\0,19/3/1/111111111111/11111/1/1/0/50/0/0,
1012014,3,231,0,379,0,230,0,0\0,19/3/1/111111111111/11111/1/1/0/50/0/0,
1012015,3,140,0,359,0,190,0,0\0,19/3/1/111111111111/11111/1/1/0/50/0/0,
1012016,3,-568,0,456,0,190,0,0\0,19/3/1/111111111111/11111/1/1/0/50/0/0,
1012017,3,-631,0,534,0,90,0,0\0,19/3/1/111111111111/11111/1/1/0/50/0/0,
1012018,3,-546,0,566,0,220,0,0\0,19/3/1/111111111111/11111/1/1/0/50/0/0,
1012019,3,-485,0,614,0,220,0,0\0,19/3/1/111111111111/11111/1/1/0/50/0/0,
1012020,3,-459,0,579,0,330,0,0\0,19/3/1/111111111111/11111/1/1/0/50/0/0,
1012021,3,-569,0,700,0,170,0,0\0,19/3/1/111111111111/11111/1/1/0/50/0/0,
1012022,3,-551,0,784,0,180,0,0\0,19/3/1/111111111111/11111/1/1/0/50/0/0,
1012023,3,-662,0,884,0,160,0,0\0,19/3/1/111111111111/11111/1/1/0/50/0/0,
1012024,3,-628,0,910,0,220,0,0\0,19/3/1/111111111111/11111/1/1/0/50/0/0,
1012025,3,-461,0,700,0,290,0,0\0,19/3/1/111111111111/11111/1/1/0/50/0/0,
1012026,3,-428,0,768,0,210,0,0\0,19/3/1/111111111111/11111/1/1/0/50/0/0,
1012027,3,-391,0,737,0,270,0,0\0,19/3/1/111111111111/11111/1/1/0/50/0/0,
1012028,3,-290,0,768,0,290,0,0\0,19/3/1/111111111111/11111/1/1/0/50/0/0,
1012029,3,-172,0,776,0,290,0,0\0,19/3/1/111111111111/11111/1/1/0/50/0/0,
1012030,3,-183,0,697,0,70,0,0\0,19/3/1/111111111111/11111/1/1/0/50/0/0,
1012031,3,-149,0,675,0,330,0,0\0,19/3/1/111111111111/11111/1/1/0/50/0/0,
1012032,3,628,0,798,0,230,0,0\0,19/3/1/111111111111/11111/1/1/0/50/0/0,
1012033,3,729,0,900,0,230,0,0\0,19/3/1/111111111111/11111/1/1/0/50/0/0,
1012034,3,851,0,878,0,230,0,0\0,19/3/1/111111111111/11111/1/1/0/50/0/0,
1012035,3,883,0,803,0,230,0,0\0,19/3/1/111111111111/11111/1/1/0/50/0/0,
1012036,3,828,0,791,0,130,0,0\0,19/3/1/111111111111/11111/1/1/0/50/0/0,
1012037,3,600,0,892,0,130,0,0\0,19/3/1/111111111111/11111/1/1/0/50/0/0,
1012038,3,634,0,961,0,290,0,0\0,19/3/1/111111111111/11111/1/1/0/50/0/0,
1012039,3,701,0,1042,0,290,0,0\0,19/3/1/111111111111/11111/1/1/0/50/0/0,
1012040,3,773,0,1097,0,200,0,0\0,19/3/1/111111111111/11111/1/1/0/50/0/0,
1012041,3,867,0,1212,0,200,0,0\0,19/3/1/111111111111/11111/1/1/0/50/0/0,

