10000,4,-685,35,-287,0,180,0,0\0,17/0/0/0/0,
10001,4,-558,-14,-292,0,180,0,0\0,17/0/0/0/0,
10002,4,-547,0,-201,0,180,0,0\0,4/0/0/0/0,
10003,4,-519,0,-228,0,345,0,0\0,5/0/0/0/0,
10012,4,-580,-15,-106,0,180,0,0\0,17/0/0/0/0,
10013,4,-370,0,-200,0,180,0,0\0,9/0/0/0/0,
10026,4,-616,-11,-297,0,142,0,0\0,5/0/0/0/0,
10027,4,-536,2,-98,0,180,0,0\0,17/0/0/0/0,
10028,4,-529,2,-121,0,180,0,0\0,17/0/0/0/0,
10029,4,-556,2,-98,0,180,0,0\0,17/0/0/0/0,
10024,3,-543,0,-234,0,236,0,0\0,3/1/3/111111111111/11111/1/1/0/50/0/0,
10017,3,-620,-6,-265,0,153,0,0\0,8/1/1/111111111111/11111/1/1/0/50/0/0,
10019,3,-644,-12,-304,0,45,0,0\0,8/1/3/111111111111/11111/1/1/0/50/0/0,
10025,3,-469,0,-197,0,159,0,0\0,3/1/3/111111111111/11111/1/1/0/50/0/0,
90010025,3,-493,0,-241,0,60,0,0\0,3/1/1/111111111111/11111/1/1/0/50/0/0,
90010026,3,-599,-14,-296,0,60,0,0\0,3/1/3/111111111111/11111/1/1/0/50/0/0,
90010027,3,-583,0,-251,0,110,0,0\0,3/1/1/111111111111/11111/1/1/0/50/0/0,
90010028,3,-360,0,-210,0,210,0,0\0,8/1/1/111111111111/11111/1/1/0/50/0/0,
10006,9,-578,0,-227,0,0,0,0\0,0\0\0\0\1\0\Game/Gimmick/Gimmick_breakwall03_01
10007,9,-544,0,-192,0,0,0,0\0,0\0\0\0\1\0\Game/Gimmick/Gimmick_breakwall03_02
10015,9,-535,-15,-303,0,0,0,0\0,0\0\0\0\1\0\Game/Gimmick/Gimmick_IceBomb_Point
10016,9,-583,-15,-294,0,0,0,0\0,0\0\0\0\1\0\Game/Gimmick/Gimmick_IceBomb_Point
10020,9,-655,-10,-305,0,113,0,0\0,-0.5\0\0.75\1\3\0\Game/Gimmick/Gimmick_GrowthBomb_Root
10021,9,-570,-15,-117,0,236,0,0\0,-0.5\0\0.75\1\1.5\225\Game/Gimmick/Gimmick_GrowthBomb_Root
13001,9,-517,-14,-311,0,0,0,0\0,0\0\0\0\3\0\Game/Gimmick/Gimmick_Taru002
800028011,12,-459,0,-215,0,180,0,0\0,

