301003,4,153,-31,30,0,180,0,0\0,15/0/0/0/0,
301004,4,129,-17,58,0,180,0,0\0,13/0/0/0/0,
301005,4,7,-14,65,0,180,0,0\0,17/0/0/0/0,
301006,4,95,5,87,0,180,0,0\0,15/0/0/0/0,
301007,4,68,-38,26,0,180,0,0\0,9/0/0/0/0,
302001,3,34,-39,29,0,310,0,0\0,2/2/1/111111111111/11111/1/1/0/50/0/0,
302002,3,106,1,80,0,232,0,0\0,2/2/1/111111111111/11111/1/1/0/50/0/0,
302003,3,-2,-17,58,0,173,0,0\0,2/2/1/111111111111/11111/1/1/0/50/0/0,
302004,3,33,-2,81,0,108,0,0\0,2/2/1/111111111111/11111/1/1/0/50/0/0,
302005,3,123,-30,36,0,330,0,0\0,2/2/1/111111111111/11111/1/1/0/50/0/0,
302006,3,179,-15,57,0,200,0,0\0,2/2/1/111111111111/11111/1/1/0/50/0/0,
70011,9,146,4,89,0,0,0,0\0,0\0\0\0\1\0\Game/Gimmick/Gimmick_Taru002
30000,8,215,-16,56,0,0,0,0\0,43/Field
100040004,12,1,12,97,0,180,0,0\0,

