201006,4,234,-50,99,0,180,0,0\0,13/0/0/0/0,
201007,4,28,-69,91,0,180,0,0\0,15/0/0/0/0,
201008,4,-9,-31,120,0,180,0,0\0,17/0/0/0/0,
201009,4,97,-7,148,0,180,0,0\0,2/0/0/0/0,
201010,4,92,-61,86,0,180,0,0\0,17/0/0/0/0,
202001,3,-17,-4,138,0,300,0,0\0,2/2/1/111111111111/11111/1/1/0/50/0/0,
202002,3,-78,-40,118,0,210,0,0\0,2/2/1/111111111111/11111/1/1/0/50/0/0,
202003,3,94,-57,95,0,285,0,0\0,2/2/1/111111111111/11111/1/1/0/50/0/0,
200038004,3,-89,-4,159,0,190,0,0\0,2/2/3/111111111111/11111/1/1/0/50/0/0,
202004,3,52,-41,122,0,200,0,0\0,2/2/1/111111111111/11111/1/1/0/50/0/0,
202005,3,97,-3,160,0,200,0,0\0,2/2/1/111111111111/11111/1/1/0/50/0/0,
202006,3,217,-50,98,0,285,0,0\0,2/2/1/111111111111/11111/1/1/0/50/0/0,
800028067,3,214,-45,108,0,260,0,0\0,2/2/3/111111111111/11111/1/1/0/50/1/2,
800028057,3,-89,-38,114,0,260,0,0\0,2/2/3/111111111111/11111/1/1/0/50/1/2,
800028103,3,-72,-38,106,0,270,0,0\0,2/2/3/111111111111/11111/1/1/0/50/1/2,
800028105,3,57,-45,111,0,300,0,0\0,2/2/3/111111111111/11111/1/1/0/50/1/2,
800028107,3,196,-45,107,0,260,0,0\0,2/2/3/111111111111/11111/1/1/0/50/1/2,
70002,13,27,-4,149,0,0,0,0\0,-3.94\0.00\-0.21\0.5\4.05\0.00\0.76\0.5\Game/Gimmick/Gimmick_WindBomb_Point_Mega
70003,13,-69,-8,142,0,0,0,0\0,-1.62\0.33\1.05\0.5\2.40\0.42\0.76\0.5\Game/Gimmick/Gimmick_WindBomb_Point
70005,9,-106,-36,118,4,300,350,0\0,0\0\0\1\3.3\180\Game/Gimmick/Gimmick_GrowthBomb_Root
70006,9,220,-45,123,350,160,2,0\0,0\0\0\1\3.8\180\Game/Gimmick/Gimmick_GrowthBomb_Root
70007,13,-42,-8,112,0,0,0,0\0,0.83\0.45\2.69\0.5\1.44\-2.24\0.47\0.5\Game/Gimmick/Gimmick_WindBomb_Point
70008,13,72,-67,79,0,0,0,0\0,-1.65\-0.29\0.68\0.3\1.65\0.90\0.61\0.8\Game/Gimmick/Gimmick_WindBomb_Point
70009,9,-27,-10,178,0,0,0,0\0,0\0\0\0\1\0\Game/Gimmick/Gimmick_Break_Rock02
70011,9,112,-2,164,0,0,0,0\0,0\0\0\0\1\0\Game/Gimmick/Gimmick_Taru002
20000,8,-87,-49,103,0,0,0,0\0,41/Field
20000,8,247,-49,110,0,0,0,0\0,42/Field
2000400021,6,237,-41,127,0,220,0,2\1\100001001,\Game/Field/Spawn/MapArea_02_middle_005_saku
1000410011,6,-114,-4,158,0,90,0,2\1\100001001,\Game/Field/Spawn/MapArea_02_middle_005_saku
800028054,12,-111,-42,108,0,180,0,0\0,
800028064,12,189,-47,106,0,180,0,0\0,
800028104,12,35,-41,115,0,180,0,0\0,
800028106,12,171,-46,104,0,180,0,0\0,

