101002,4,-105,-15,23,0,180,0,0\0,15/0/0/0/0,
101003,4,169,19,42,0,180,0,0\0,17/0/0/0/0,
101004,4,49,-20,14,0,180,0,0\0,2/0/0/0/0,
101005,4,-124,13,88,0,180,0,0\0,9/0/0/0/0,
102001,3,-121,9,62,0,355,0,0\0,31/1/1/111111111111/11111/1/1/0/50/0/0,
102002,3,-176,-6,30,0,80,0,0\0,2/2/1/111111111111/11111/1/1/0/50/0/0,
102003,3,-119,-15,25,0,185,0,0\0,4/1/1/111111111111/11111/1/1/0/50/0/0,
102004,3,108,-21,-2,0,290,0,0\0,31/1/1/111111111111/11111/1/1/0/50/0/0,
102005,3,118,27,67,0,185,0,0\0,31/1/1/111111111111/11111/1/1/0/50/0/0,
102006,3,53,-14,46,0,185,0,0\0,31/1/1/111111111111/11111/1/1/0/50/0/0,
102007,3,184,19,42,0,255,0,0\0,31/1/1/111111111111/11111/1/1/0/50/0/0,
70001,13,-31,-15,34,0,0,0,0\0,3.21\0.15\1.13\0.5\-3.56\0.00\-0.63\0.5\Game/Gimmick/Gimmick_WindBomb_Point_Mega
70004,9,85,-14,36,353,250,352,0\0,0\0\0\2.5\3.3\180\Game/Gimmick/Gimmick_GrowthBomb_Root
70010,9,155,-23,10,0,0,0,0\0,0\0\0\0\1\0\Game/Gimmick/Gimmick_Taru002
10000,8,125,-18,18,0,0,0,0\0,40/Field
100038002,12,-145,15,75,0,180,0,0\0,
100038003,12,89,-19,15,0,180,0,0\0,
200038002,12,134,30,63,0,180,0,0\0,

