201006,4,-109,-47,101,0,180,0,0\0,13/0/0/0/0,
201007,4,-36,-4,144,0,180,0,0\0,15/0/0/0/0,
201008,4,100,-1,162,0,180,0,0\0,17/0/0/0/0,
201009,4,101,-60,85,0,180,0,0\0,2/0/0/0/0,
201010,4,267,-4,144,0,180,0,0\0,17/0/0/0/0,
202001,3,-100,-38,99,0,140,0,0\0,2/2/1/111111111111/11111/1/1/0/50/0/0,
202002,3,45,-52,96,0,179,0,0\0,2/2/1/111111111111/11111/1/1/0/50/0/0,
202003,3,216,-47,97,0,285,0,0\0,2/2/1/111111111111/11111/1/1/0/50/0/0,
200038004,3,57,-40,119,0,260,0,0\0,2/2/3/111111111111/11111/1/1/0/50/0/0,
800047010,3,201,-47,104,0,260,0,0\0,2/2/3/111111111111/11111/1/1/0/50/1/2,
100040003,3,257,-3,151,0,260,0,0\0,2/2/3/111111111111/11111/1/1/0/50/1/0,
70002,13,27,-4,149,0,0,0,0\0,-3.94\0.00\-0.21\0.5\4.05\0.00\0.76\0.5\Game/Gimmick/Gimmick_WindBomb_Point_Mega
70003,13,-69,-8,142,0,0,0,0\0,-1.62\0.33\1.05\0.5\2.40\0.42\0.76\0.5\Game/Gimmick/Gimmick_WindBomb_Point
70005,9,-106,-36,118,4,300,350,0\0,0\0\0\1\3.3\180\Game/Gimmick/Gimmick_GrowthBomb_Root
70006,9,220,-45,123,350,160,2,0\0,0\0\0\1\3.8\180\Game/Gimmick/Gimmick_GrowthBomb_Root
70007,13,-42,-8,112,0,0,0,0\0,0.83\0.45\2.69\0.5\1.44\-2.24\0.47\0.5\Game/Gimmick/Gimmick_WindBomb_Point
70008,13,72,-67,79,0,0,0,0\0,-1.65\-0.29\0.68\0.3\1.65\0.90\0.61\0.8\Game/Gimmick/Gimmick_WindBomb_Point
70009,9,-27,-10,178,0,0,0,0\0,0\0\0\0\1\0\Game/Gimmick/Gimmick_Break_Rock02
70011,9,112,-2,164,0,0,0,0\0,0\0\0\0\1\0\Game/Gimmick/Gimmick_Taru002
20000,8,-87,-49,103,0,0,0,0\0,35/Field
20000,8,247,-49,110,0,0,0,0\0,36/Field
2000400021,6,237,-41,127,0,220,0,2\2\200040002,\Game/Field/Spawn/MapArea_02_middle_005_saku
10002,5,239,-43,123,0,90,0,2\2\100045001,→：グラキア＝カテナ<br>「危険。寄るな。帰れ」/4/0
10003,5,-113,-6,154,0,90,0,2\2\100045001,←：トルトラ雪洞<br>「聖地。寄るな。帰れ」/4/0
1000410011,6,-114,-4,158,0,90,0,2\2\100041001,\Game/Field/Spawn/MapArea_02_middle_005_saku
200038003,12,38,-42,117,0,180,0,0\0,
100040002,12,239,-2,151,0,180,0,0\0,

