40000,4,560,0,119,0,41,0,0,13/0/0/0/0,
40001,4,660,0,-155,0,36,0,0,13/0/0/0/0,
40003,5,672,0,-25,0,0,0,0,Woofer　→/4
40004,5,674,0,116,0,0,0,0,Arteria Area　→/4
40005,5,571,0,145,0,0,0,0,↑Sky Sword of Celsa/4
40006,8,620,0,125,0,17,0,0,5/Field
40007,8,540,0,-131,0,0,0,0,4/Field
40008,4,655,0,-122,0,180,0,0,2/0/0/0/0,
40009,4,685,0,-175,0,180,0,0,2/0/0/0/0,
40010,4,556,0,-134,0,180,0,0,9/0/0/0/0,
40011,3,488,0,-148,0,248,0,0,3/1/1/111111111111/11111/1/1/0/50/0/0,
40012,3,697,0,-126,0,248,0,0,3/1/1/111111111111/11111/1/1/0/50/0/0,
40013,3,623,0,-126,0,157,0,0,31/2/1/111111111111/11111/1/1/0/50/0/0,
40014,3,662,0,110,0,147,0,0,31/2/1/111111111111/11111/1/1/0/50/0/0,
40015,3,656,0,-66,0,147,0,0,4/3/2/111111111111/11111/1/1/0/50/0/0,
40016,3,639,0,-123,0,147,0,0,17/1/1/111111111111/11111/1/1/0/50/0/0,
40017,4,709,3,-118,0,180,0,0,11/0/0/0/0,
40018,4,706,4,-140,0,180,0,0,11/0/0/0/0,
40019,6,705,0,121,0,65,0,2\3,\Game/Field/Spawn/MapArea_02_middle_005_saku
40020,4,743,0,-19,0,80,0,0,14/67.17/0/-24.9/1,

