601002,4,14,0,21,0,180,0,0\0,2/0/0/0/0,
601003,4,-7,0,155,0,180,0,0\0,2/0/0/0/0,
601004,4,-20,0,243,0,180,0,0\0,2/0/0/0/0,
601005,4,196,0,193,0,180,0,0\0,2/0/0/0/0,
601006,4,266,0,211,0,180,0,0\0,2/0/0/0/0,
601007,4,303,0,187,0,180,0,0\0,2/0/0/0/0,
601008,4,199,0,444,0,180,0,0\0,2/0/0/0/0,
601009,4,180,0,385,0,180,0,0\0,2/0/0/0/0,
601010,4,-109,0,489,0,180,0,0\0,2/0/0/0/0,
602001,3,-9,0,40,0,206,0,0\0,10/1/1/111111111111/11111/1/1/0/50/0/0,
602002,3,-29,0,117,0,126,0,0\0,10/1/1/111111111111/11111/1/1/0/50/0/0,
602003,3,13,0,134,0,217,0,0\0,10/1/1/111111111111/11111/1/1/0/50/0/0,
602004,3,-2,0,237,0,204,0,0\0,10/1/1/111111111111/11111/1/1/0/50/0/0,
602005,3,80,0,257,0,162,0,0\0,10/1/1/111111111111/11111/1/1/0/50/0/0,
602006,3,157,0,342,0,121,0,0\0,10/1/1/111111111111/11111/1/1/0/50/0/0,
602007,3,-70,0,553,0,110,0,0\0,10/1/1/111111111111/11111/1/1/0/50/0/0,
602008,3,-94,0,485,0,41,0,0\0,10/1/1/111111111111/11111/1/1/0/50/0/0,
602009,3,106,0,289,0,130,0,0\0,11/1/1/111111111111/11111/1/1/0/50/0/0,
602010,3,278,0,176,0,291,0,0\0,11/1/1/111111111111/11111/1/1/0/50/0/0,
602011,3,20,0,475,0,130,0,0\0,11/1/1/111111111111/11111/1/1/0/50/0/0,
602012,3,-83,0,236,0,88,0,0\0,41/3/1/111111111111/11111/1/1/0/50/0/0,
602013,3,197,0,397,0,162,0,0\0,41/3/1/111111111111/11111/1/1/0/50/0/0,
602014,3,211,0,372,0,257,0,0\0,41/3/1/111111111111/11111/1/1/0/50/0/0,
602015,3,80,0,445,0,271,0,0\0,41/3/1/111111111111/11111/1/1/0/50/0/0,
602016,3,-61,0,646,0,180,0,0\0,41/3/1/111111111111/11111/1/1/0/50/0/0,
603001,9,-90,0,262,0,61,0,0\0,0\0\0\0\1\0\Game/Gimmick/Gimmick_Break_Rock02
603002,9,-109,0,236,0,308,0,0\0,0\0\0\0\1\0\Game/Gimmick/Gimmick_Break_Rock02
603003,9,-89,0,195,0,0,0,0\0,0\0\0\0\1\0\Game/Gimmick/Gimmick_Break_Rock02
603004,9,60,0,155,0,0,0,0\0,0\0\0\0\1\0\Game/Gimmick/Gimmick_Break_Rock02
603005,9,182,0,219,0,0,0,0\0,0\0\0\0\1\0\Game/Gimmick/Gimmick_Break_Rock02
603006,9,299,0,169,0,0,0,0\0,0\0\0\0\1\0\Game/Gimmick/Gimmick_Break_Rock02
603007,9,219,0,390,0,0,0,0\0,0\0\0\0\1\0\Game/Gimmick/Gimmick_Break_Rock02
603008,9,14,0,456,0,0,0,0\0,0\0\0\0\1\0\Game/Gimmick/Gimmick_Break_Rock02
603009,9,-141,0,481,0,0,0,0\0,0\0\0\0\1\0\Game/Gimmick/Gimmick_Break_Rock02
603010,9,-49,0,509,0,0,0,0\0,0\0\0\0\1\0\Game/Gimmick/Gimmick_Break_Rock02

