20001,3,-450,0,100,0,0,0,0\0,31/5/1/111111111111/11111/1/1/0/50/0/0,
20002,3,-356,0,191,0,0,0,0\0,19/1/1/111111111111/11111/1/1/0/50/0/0,
20003,3,-240,0,110,0,270,0,0\0,19/1/1/111111111111/11111/1/1/0/50/0/0,
20004,3,-259,0,157,0,180,0,0\0,30/3/1/111111111111/11111/1/1/0/50/0/0,
20005,3,-170,-20,60,0,180,0,0\0,30/3/1/111111111111/11111/1/1/0/50/0/0,
20006,3,-115,0,125,0,180,0,0\0,30/3/1/111111111111/11111/1/1/0/50/0/0,
20007,3,8,-15,80,0,210,0,0\0,30/3/1/111111111111/11111/1/1/0/50/0/0,
20008,3,-355,-30,10,0,0,0,0\0,19/1/1/111111111111/11111/1/1/0/50/0/0,
20009,3,-290,-30,-90,0,90,0,0\0,19/1/1/111111111111/11111/1/1/0/50/0/0,
20010,3,-195,-30,-110,0,125,0,0\0,19/1/1/111111111111/11111/1/1/0/50/0/0,
20011,3,-112,-30,-98,0,270,0,0\0,19/1/1/111111111111/11111/1/1/0/50/0/0,
20012,3,-130,-30,-30,0,270,0,0\0,30/3/1/111111111111/11111/1/1/0/50/0/0,
20013,3,-330,-30,-60,0,315,0,0\0,30/3/1/111111111111/11111/1/1/0/50/0/0,
20014,3,-275,-30,1,0,225,0,0\0,30/3/1/111111111111/11111/1/1/0/50/0/0,
20015,3,-40,-25,-45,0,270,0,0\0,19/1/1/111111111111/11111/1/1/0/50/0/0,
20016,3,-65,-28,25,0,180,0,0\0,19/1/1/111111111111/11111/1/1/0/50/0/0,
20017,3,-17,-30,-60,0,250,0,0\0,30/3/1/111111111111/11111/1/1/0/50/0/0,
20018,3,70,40,280,0,0,0,0\0,19/1/1/111111111111/11111/1/1/0/50/0/0,
20019,3,9,25,265,0,90,0,0\0,30/3/1/111111111111/11111/1/1/0/50/0/0,
20020,3,-90,0,360,0,90,0,0\0,30/3/1/111111111111/11111/1/1/0/50/0/0,
20021,3,-370,0,260,0,125,0,0\0,19/1/1/111111111111/11111/1/1/0/50/0/0,
20022,3,-190,0,380,0,147,0,0\0,30/3/1/111111111111/11111/1/1/0/50/0/0,
20023,3,-230,3,450,0,125,0,0\0,31/5/1/111111111111/11111/1/1/0/50/0/0,
20024,3,-164,3,422,0,270,0,0\0,31/5/1/111111111111/11111/1/1/0/50/0/0,
20025,3,-200,5,430,0,180,6,0\0,4/5/1/111111111111/11111/1/1/0/50/0/0,
20026,3,-230,10,500,0,270,0,0\0,4/5/1/111111111111/11111/1/1/0/50/0/0,
20027,3,65,0,145,0,135,0,0\0,31/5/1/111111111111/11111/1/1/0/50/0/0,
20028,3,75,0,93,0,0,0,0\0,19/1/1/111111111111/11111/1/1/0/50/0/0,
20029,3,120,0,65,0,0,0,0\0,19/1/1/111111111111/11111/1/1/0/50/0/0,
20030,3,100,-10,41,0,180,0,0\0,4/5/1/111111111111/11111/1/1/0/50/0/0,
20031,3,115,0,130,0,180,0,0\0,4/5/1/111111111111/11111/1/1/0/50/0/0,
20032,3,168,0,180,0,270,0,0\0,4/5/1/111111111111/11111/1/1/0/50/0/0,
20033,3,-170,-30,-180,1,180,1,0\0,31/5/1/111111111111/11111/1/1/0/50/0/0,
20034,3,-250,-30,-245,1,270,1,0\0,4/5/1/111111111111/11111/1/1/0/50/0/0,
20035,3,-400,-30,-310,1,0,1,0\0,4/5/1/111111111111/11111/1/1/0/50/0/0,
20036,3,118,0,174,0,270,0,0\0,3/1/1/111111111111/11111/1/1/0/50/0/0,
20037,3,145,0,150,0,270,0,0\0,3/1/1/111111111111/11111/1/1/0/50/0/0,
100012004,3,-245,-30,-54,0,180,0,0\0,3/1/3/111111111111/11111/1/1/0/50/1/0,
100012007,3,-143,0,120,0,270,0,0\0,3/1/3/111111111111/11111/1/1/0/50/1/0,
200012004,3,-227,-30,-94,0,270,0,0\0,3/1/3/111111111111/11111/1/1/0/50/1/0,
200014004,3,159,0,138,0,270,0,0\0,3/1/3/111111111111/11111/1/1/0/50/1/0,
200016003,3,104,0,101,0,0,0,0\0,19/1/3/111111111111/11111/1/1/0/50/1/2,
200016008,3,-230,0,450,0,125,0,0\0,31/5/3/111111111111/11111/1/1/0/50/1/0,
200016011,3,104,0,101,0,0,0,0\0,19/1/3/111111111111/11111/1/1/0/50/1/0,
500003011,3,-180,-30,-150,1,180,1,0\0,19/1/3/111111111111/11111/1/1/0/50/1/0,
500007003,3,159,0,138,0,270,0,0\0,3/1/3/111111111111/11111/1/1/0/50/1/0,
200013007,3,100,-10,41,0,180,0,0\0,4/5/1/111111111111/11111/1/1/0/50/0/0,
800013010,3,-180,-30,-150,1,180,1,0\0,17/6/3/111111111111/11111/1/1/0/50/1/0,
900000005,3,94,0,75,0,180,0,0\0,31/6/3/111111111111/11111/1/1/0/50/1/2,
100032007,3,-130,0,120,0,270,0,0\0,30/1/3/111111111111/11111/1/1/0/50/1/0,
800036003,3,77,0,119,0,180,0,0\0,20/1/3/111111111111/11111/1/1/0/50/1/0,
800036004,3,-139,4,461,0,220,6,0\0,21/1/3/111111101111/11111/1/1/0/50/1/0,
30000,4,-447,0,129,0,180,0,0\0,15/0/0/0/0,
30001,4,-390,0,120,0,180,0,0\0,2/0/0/0/0,
30002,4,-460,2,130,0,180,0,0\0,8/0/0/0/0,
30003,4,-370,0,118,0,180,0,0\0,8/0/0/0/0,
30004,4,-290,0,195,0,180,0,0\0,17/0/0/0/0,
30005,4,-40,-20,80,0,180,0,0\0,17/0/0/0/0,
30006,4,-330,5,23,0,180,0,0\0,12/0/0/0/0,
30007,4,-359,-29,-33,0,180,0,0\0,2/0/0/0/0,
30008,4,-194,-30,-33,0,180,0,0\0,2/0/0/0/0,
30009,4,-190,-30,-86,0,180,0,0\0,17/0/0/0/0,
30010,4,-57,-31,-43,0,180,0,0\0,12/0/0/0/0,
30011,4,-80,-30,-81,0,180,0,0\0,2/0/0/0/0,
30012,4,-120,-30,22,0,180,0,0\0,17/0/0/0/0,
30013,4,-70,25,268,0,180,0,0\0,12/0/0/0/0,
30014,4,-28,25,268,0,180,0,0\0,2/0/0/0/0,
30015,4,30,40,171,0,180,0,0\0,4/0/0/0/0,
30016,4,-130,0,310,0,180,0,0\0,1/0/0/0/0,
30017,4,-120,0,321,0,180,0,0\0,1/0/0/0/0,
30018,4,-125,0,377,0,180,0,0\0,17/0/0/0/0,
30019,4,-266,0,363,0,180,0,0\0,2/0/0/0/0,
30020,4,-258,0,248,0,180,0,0\0,1/0/0/0/0,
30021,4,-284,0,360,0,180,0,0\0,17/0/0/0/0,
30022,4,-198,20,542,0,180,0,0\0,15/0/0/0/0,
30023,4,-267,17,534,0,180,0,0\0,16/0/0/0/0,
30024,4,-306,17,525,0,180,0,0\0,1/0/0/0/0,
30025,4,-257,4,473,0,180,0,0\0,17/0/0/0/0,
30026,4,-86,4,489,0,180,0,0\0,17/0/0/0/0,
30027,4,105,-15,30,0,180,0,0\0,15/0/0/0/0,
30028,4,91,0,167,0,180,0,0\0,2/0/0/0/0,
30029,4,133,0,226,0,180,0,0\0,16/0/0/0/0,
30030,4,60,-5,65,0,180,0,0\0,1/0/0/0/0,
30031,4,60,0,110,0,180,0,0\0,17/0/0/0/0,
30032,4,167,0,137,0,180,0,0\0,17/0/0/0/0,
30033,4,-133,-30,-150,0,180,0,0\0,2/0/0/0/0,
30034,4,-122,-29,-195,0,180,0,0\0,16/0/0/0/0,
30035,4,-243,-30,-228,0,180,0,0\0,1/0/0/0/0,
30036,4,-378,-29,-293,0,180,0,0\0,1/0/0/0/0,
30037,4,-345,-29,-256,0,180,0,0\0,17/0/0/0/0,
30038,4,-165,-29,-140,0,180,0,0\0,14/-45/-3/-28/1,
50000,11,45,0,136,0,180,0,0\0,1010/2/111111111111/11111/-1/,
50001,11,-183,0,125,0,180,0,0\0,1010/2/111111111111/11111/-1/,
40000,9,-255,0,193,0,0,0,0\0,0\0\0\0\1\0\Game/Gimmick/Gimmick_Taru002
40001,9,-40,0,135,0,180,0,0\0,0\0\0\0\1\0\Game/Gimmick/Gimmick_Taru001
40002,9,-18,0,135,0,180,0,0\0,0\0\0\0\1\0\Game/Gimmick/Gimmick_Taru001
40003,9,-10,0,145,0,180,0,0\0,0\0\0\0\1\0\Game/Gimmick/Gimmick_Taru001
40004,9,-4,0,152,0,180,0,0\0,0\0\0\0\1\0\Game/Gimmick/Gimmick_Taru001
40005,9,40,40,170,0,180,0,0\0,0\0\0\0\1\0\Game/Gimmick/Gimmick_Taru001
40006,9,-67,3,507,0,0,0,0\0,0\0\0\0\1\0\Game/Gimmick/Gimmick_M03_breakwall_01
40007,9,-278,16,554,0,0,0,0\0,0\0\0\0\1\0\Game/Gimmick/Gimmick_M03_breakwall_02
40008,9,-281,2,499,0,0,0,0\0,0\0\0\0\1\0\Game/Gimmick/Gimmick_M03_breakwall_03
10000,8,-477,0,130,0,0,0,0\0,6/Field
10001,8,-171,7,470,0,0,0,0\0,10/Field
10002,8,45,-7,50,0,0,0,0\0,11/Field
10003,8,-121,-30,-156,0,0,0,0\0,12/Field
11000,5,-500,0,127,0,0,0,0\0,寶石與礦山的小鎮「格魯」/4/6
11001,5,-158,0,397,0,0,0,0\0,格魯·北門/4/0
11002,5,29,0,142,0,0,0,0\0,格魯·東門/4/0
11003,5,-138,-30,-134,0,0,0,0\0,格魯·南門/4/0
11004,5,-414,0,122,0,0,0,0\0,格魯·西門/4/0
11005,5,-162,20,552,0,0,0,0\0,↑：魯佩斯廢礦<br>「別忘帶炎燒」/4/3
11006,5,55,0,139,0,0,0,0\0,→：卡爾科思墓地<br>「這是我們達爾達拉團的領地」/4/6
11007,5,-421,-30,-286,0,315,0,0\0,阿爾特隧道<br>「通往埃爾魯姆」/4/3
11008,5,124,0,101,0,0,0,0\0,達爾達拉團據點<br>「誰放的這個看板！<br>這不就暴露了據點位置嘛!!」/4/3
60000,12,-425,0,112,0,180,0,0\0,
60001,12,-157,0,120,0,180,0,0\0,
60002,12,13,0,129,0,180,0,0\0,
60003,12,-239,-30,-86,0,180,0,0\0,
60004,12,-57,-30,-75,0,180,0,0\0,
60005,12,0,0,305,0,180,0,0\0,
60006,12,-49,0,353,0,180,0,0\0,
60007,12,-344,0,288,0,180,0,0\0,
60008,12,87,0,129,0,180,0,0\0,
60009,12,165,0,143,0,180,0,0\0,
60010,12,-154,3,468,0,180,0,0\0,
60011,12,-400,-30,-300,0,180,0,0\0,
80036003,12,51,0,129,0,180,0,0\0,
80036004,12,-186,0,445,0,180,0,0\0,

