1031001,4,-300,0,162,0,180,0,0\0,2/0/0/0/0,
1031005,4,-97,0,15,0,180,0,0\0,2/0/0/0/0,
1031006,4,-375,0,161,0,180,0,0\0,15/0/0/0/0,
1031007,4,-329,0,291,0,180,0,0\0,1/0/0/0/0,
1031010,4,-440,0,134,0,180,0,0\0,9/0/0/0/0,
1031011,4,-315,0,207,0,180,0,0\0,2/0/0/0/0,
1031012,4,-303,0,-33,0,180,0,0\0,15/0/0/0/0,
1031013,4,-171,0,116,0,180,0,0\0,16/0/0/0/0,
1031014,4,-116,0,189,0,180,0,0\0,9/0/0/0/0,
1031015,4,-189,0,180,0,180,0,0\0,9/0/0/0/0,
1031017,4,-350,0,313,0,180,0,0\0,1/0/0/0/0,
1031018,4,-169,0,-37,0,180,0,0\0,17/0/0/0/0,
1031019,4,-126,0,130,0,180,0,0\0,16/0/0/0/0,
1031020,4,-151,0,205,0,180,0,0\0,15/0/0/0/0,
1032001,3,-376,0,149,0,153,0,0\0,8/1/1/111111111111/11111/1/1/0/50/0/0,
1032002,3,-114,0,26,0,194,0,0\0,7/3/1/111111111111/11111/1/1/0/50/0/0,
1032003,3,-168,0,163,0,156,0,0\0,7/3/1/111111111111/11111/1/1/0/50/0/0,
1032004,3,-181,0,9,0,153,0,0\0,8/1/1/111111111111/11111/1/1/0/50/0/0,
1032005,3,-359,0,251,0,170,0,0\0,8/1/1/111111111111/11111/1/1/0/50/0/0,
1032006,3,-306,0,194,0,194,0,0\0,7/3/1/111111111111/11111/1/1/0/50/0/0,
1032007,3,-300,0,-9,0,27,0,0\0,8/1/1/111111111111/11111/1/1/0/50/0/0,
1032008,3,-304,0,126,0,291,0,0\0,8/1/1/111111111111/11111/1/1/0/50/0/0,
1032009,3,-149,0,-40,0,300,0,0\0,8/1/1/111111111111/11111/1/1/0/50/0/0,
1032010,3,-130,0,148,0,220,0,0\0,8/1/1/111111111111/11111/1/1/0/50/0/0,
1032011,3,-432,0,138,0,230,0,0\0,8/1/1/111111111111/11111/1/1/0/50/0/0,
1032012,3,-347,0,191,0,150,0,0\0,8/1/1/111111111111/11111/1/1/0/50/0/0,
1033001,9,-150,0,79,0,201,0,0\0,-0.5\0\0.75\1\1\0\Game/Gimmick/Gimmick_tree001

