101001,4,180,15,80,0,0,0,0\0,2/0/0/0/0,
101002,4,0,12,100,0,0,0,0\0,16/0/0/0/0,
101003,4,-28,0,100,0,0,0,0\0,2/0/0/0/0,
101004,4,-40,-11,48,0,180,0,0\0,16/0/0/0/0,
101005,4,60,14,91,0,0,0,0\0,2/0/0/0/0,
101006,4,76,14,91,0,0,0,0\0,15/0/0/0/0,
101007,4,140,8,55,0,0,0,0\0,17/0/0/0/0,
101016,4,-144,-20,-29,0,45,0,0\0,5/0/0/0/0,
101019,4,-81,-3,162,0,0,0,0\0,2/0/0/0/0,
101020,4,-129,-3,195,0,0,0,0\0,15/0/0/0/0,
101021,4,-152,-4,219,0,0,0,0\0,15/0/0/0/0,
101022,4,-73,-21,60,0,180,0,0\0,17/0/0/0/0,
101023,4,-70,-26,35,0,180,0,0\0,17/0/0/0/0,
101025,4,-76,-32,-15,0,180,0,0\0,18/0/0/0/0,
101026,4,-173,-32,44,0,125,0,0\0,5/0/0/0/0,
101027,4,-306,-31,101,0,0,0,0\0,5/0/0/0/0,
101028,4,120,-24,-30,0,0,0,0\0,17/0/0/0/0,
101029,4,136,-31,-77,0,180,0,0\0,5/0/0/0/0,
101031,4,218,16,113,0,0,0,0\0,14/-24.4/0/28.97/1,
101008,4,99,-14,4,0,0,0,0\0,8/0/0/0/0,
101009,4,30,14,51,0,90,0,0\0,19/0/0/0/0,
101010,4,54,14,21,0,270,0,0\0,19/0/0/0/0,
101013,4,16,-20,-75,0,270,0,0\0,19/0/0/0/0,
101014,4,-26,-20,-102,0,0,0,0\0,19/0/0/0/0,
101015,4,-115,-20,-44,0,90,0,0\0,19/0/0/0/0,
101024,4,-106,-32,35,0,180,0,0\0,8/0/0/0/0,
101011,4,68,14,-37,0,0,0,0\0,18/0/0/0/0,
101012,4,-19,-20,-30,0,0,0,0\0,18/0/0/0/0,
101017,4,63,-20,-113,0,135,0,0\0,5/0/0/0/0,
101018,4,-87,-31,-3,0,225,0,0\0,5/0/0/0/0,
101030,4,330,-31,82,0,0,0,0\0,4/0/0/0/0,
102001,3,159,4,21,0,90,0,0\0,31/3/1/111111111111/11111/1/1/0/50/0/0,
102002,3,28,14,95,0,180,0,0\0,31/3/1/111111111111/11111/1/1/0/50/0/0,
102007,3,-139,-14,157,0,225,0,0\0,31/3/1/111111111111/11111/1/1/0/50/0/0,
102008,3,-117,-19,112,0,270,0,0\0,18/1/1/111111111111/11111/1/1/0/50/0/0,
102009,3,-121,-30,56,0,0,0,0\0,18/1/1/111111111111/11111/1/1/0/50/0/0,
102010,3,-241,-30,78,0,0,0,0\0,18/1/1/111111111111/11111/1/1/0/50/0/0,
102011,3,-268,-30,152,0,90,0,0\0,18/1/1/111111111111/11111/1/1/0/50/0/0,
102014,3,225,-28,-14,0,270,0,0\0,31/3/1/111111111111/11111/1/1/0/50/0/0,
102004,3,-74,-4,107,0,135,0,0\0,4/2/1/111111111111/11111/1/1/0/50/0/0,
102012,3,-278,-30,99,0,90,0,0\0,4/2/1/111111111111/11111/1/1/0/50/0/0,
102016,3,137,-25,-23,0,180,0,0\0,4/2/1/111111111111/11111/1/1/0/50/0/0,
102003,3,-30,-4,77,0,180,0,0\0,1/2/1/111111111111/11111/1/1/0/50/0/0,
102005,3,-131,-20,-42,0,90,0,0\0,1/2/1/111111111111/11111/1/1/0/50/0/0,
102006,3,78,-20,-7,0,180,0,0\0,1/2/1/111111111111/11111/1/1/0/50/0/0,
102013,3,-210,-32,40,0,90,0,0\0,1/2/1/111111111111/11111/1/1/0/50/0/0,
102015,3,206,-28,-38,0,315,0,0\0,1/2/1/111111111111/11111/1/1/0/50/0/0,
103001,9,-152,-20,-47,0,0,0,0\0,0\0\0\0\1\0\Game/Gimmick/Gimmick_Taru002
103002,9,108,-28,-60,0,0,0,0\0,0\0\0\0\1\0\Game/Gimmick/Gimmick_Taru002
103003,9,77,14,-53,0,0,0,0\0,0\0\0\0\1\0\Game/Gimmick/Gimmick_Taru001
103004,9,23,-20,0,0,0,0,0\0,0\0\0\0\1\0\Game/Gimmick/Gimmick_Taru001
103005,9,-148,-20,-38,0,0,0,0\0,0\0\0\0\1\0\Game/Gimmick/Gimmick_Taru001
103006,9,-142,-20,-49,0,0,0,0\0,0\0\0\0\1\0\Game/Gimmick/Gimmick_Taru001
103007,9,-21,-20,-140,0,0,0,0\0,0\0\0\0\1\0\Game/Gimmick/Gimmick_Taru001
103008,9,-25,-20,-150,0,0,0,0\0,0\0\0\0\1\0\Game/Gimmick/Gimmick_Taru001
109001,8,112,16,98,0,0,0,0\0,8/Field
109002,8,50,-20,0,0,0,0,0\0,8/Field
109003,8,-220,-28,183,0,0,0,0\0,8/Field
109004,1,-257,-30,18,0,0,0,0\0,6,
109005,1,-306,-30,22,0,0,0,0\0,6,

