401001,4,312,0,-399,0,0,0,0\0,17/0/0/0/0,
401002,4,736,-1,-286,0,0,0,0\0,17/0/0/0/0,
401003,4,768,0,-289,0,0,0,0\0,17/0/0/0/0,
401004,4,-32,0,-112,0,0,0,0\0,16/0/0/0/0,
401005,4,161,0,-459,0,180,0,0\0,16/0/0/0/0,
401006,4,565,0,-608,0,180,0,0\0,16/0/0/0/0,
401007,4,162,0,-177,0,180,0,0\0,2/0/0/0/0,
401008,4,23,0,-316,0,180,0,0\0,2/0/0/0/0,
401010,4,629,0,-558,0,180,0,0\0,2/0/0/0/0,
401011,4,660,0,-439,0,180,0,0\0,2/0/0/0/0,
401013,4,-37,0,-160,0,180,0,0\0,15/0/0/0/0,
401014,4,726,0,-312,0,180,0,0\0,15/0/0/0/0,
401015,4,343,0,-474,0,180,0,0\0,8/0/0/0/0,
401016,4,753,0,-277,0,180,0,0\0,4/0/0/0/0,
401017,4,116,0,-288,0,41,0,0\0,13/0/0/0/0,
401020,4,-70,0,-449,0,41,0,0\0,18/0/0/0/0,
401021,4,265,0,-434,0,41,0,0\0,18/0/0/0/0,
401022,4,762,0,-438,0,135,0,0\0,10/0/0/0/0,
402001,3,-14,0,-142,0,161,0,0\0,31/1/1/111111111111/11111/1/1/0/50/0/0,
402002,3,587,0,-625,0,162,0,0\0,31/1/1/111111111111/11111/1/1/0/50/0/0,
402003,3,32,0,-173,0,279,0,0\0,2/2/1/111111111111/11111/1/1/0/50/0/0,
402004,3,3,0,-226,0,180,0,0\0,2/2/1/111111111111/11111/1/1/0/50/0/0,
402005,3,149,0,-372,0,180,0,0\0,2/2/1/111111111111/11111/1/1/0/50/0/0,
402006,3,291,0,-422,0,180,0,0\0,2/2/1/111111111111/11111/1/1/0/50/0/0,
402007,3,614,0,-581,0,348,0,0\0,15/1/1/111111111111/11111/1/1/0/50/0/0,
402008,3,779,0,-445,0,270,0,0\0,15/1/1/111111111111/11111/1/1/0/50/0/0,
402009,3,476,0,-459,0,295,0,0\0,4/1/1/111111111111/11111/1/1/0/50/0/0,
402010,3,79,0,-300,0,108,0,0\0,19/1/1/111111111111/11111/1/1/0/50/0/0,
402011,3,79,0,-451,0,96,0,0\0,19/1/1/111111111111/11111/1/1/0/50/0/0,
402012,3,434,0,-457,0,282,0,0\0,19/1/1/111111111111/11111/1/1/0/50/0/0,
403001,9,-142,0,-439,0,180,0,0\0,0\0\0\0\1\0\Game/Gimmick/Gimmick_Taru001
403002,9,-154,0,-449,0,180,0,0\0,0\0\0\0\1\0\Game/Gimmick/Gimmick_Taru001
403003,9,-142,0,-449,0,180,0,0\0,0\0\0\0\1\0\Game/Gimmick/Gimmick_Taru001
403004,9,-154,0,-439,0,0,0,0\0,0\0\0\0\1\0\Game/Gimmick/Gimmick_Taru002
403005,9,755,0,-393,0,347,0,0\0,-0.5\0\0.75\1\1\0\Game/Gimmick/Gimmick_tree001
403006,9,745,0,-384,0,356,0,0\0,-0.5\0\0.75\1\1\0\Game/Gimmick/Gimmick_tree001
407001,12,-2,0,-98,0,180,0,0\0,

