20000,3,-74,20,9,0,148,0,0\0,31/5/1/111111111111/11111/1/1/0/50/0/0,
20001,3,-100,20,20,0,148,0,0\0,31/5/1/111111111111/11111/1/1/0/50/0/0,
20002,3,-80,20,-30,0,148,0,0\0,31/5/1/111111111111/11111/1/1/0/50/0/0,
20003,3,115,0,-18,0,211,0,0\0,10/1/1/111111111111/11111/1/1/0/50/0/0,
20004,3,80,0,-25,0,90,0,0\0,10/1/1/111111111111/11111/1/1/0/50/0/0,
20005,3,100,0,10,0,90,0,0\0,10/1/1/111111111111/11111/1/1/0/50/0/0,
100014003,3,10,0,33,0,180,0,0\0,31/10/3/111111111111/11111/1/1/0/50/1/0,
900000006,3,45,0,11,0,180,0,0\0,31/10/3/111111111111/11111/1/1/0/50/1/0,
200014005,3,42,0,-20,0,180,0,0\0,31/10/3/111111111111/11111/1/1/0/50/1/0,
800027002,3,-14,0,11,0,180,0,0\0,31/10/3/111111111111/11111/1/1/0/50/1/0,
40000,9,33,0,45,0,113,0,0\0,0\0\0\1\3\180\Game/Gimmick/Gimmick_GrowthBomb_Root
40001,9,-29,0,-21,0,113,0,0\0,0\0\0\1\3\90\Game/Gimmick/Gimmick_GrowthBomb_Root
30000,4,-59,20,-47,0,180,0,0\0,2/0/0/0/0,
30001,4,-66,20,-93,0,180,0,0\0,2/0/0/0/0,
30002,4,-98,20,29,0,180,0,0\0,3/0/0/0/0,
30003,4,123,20,16,0,180,0,0\0,3/0/0/0/0,
30004,4,106,20,28,0,180,0,0\0,1/0/0/0/0,
30005,4,-104,20,-117,0,180,0,0\0,1/0/0/0/0,
30006,4,94,20,10,0,180,0,0\0,1/0/0/0/0,
60000,12,12,0,-10,0,180,0,0\0,

