1011001,4,-119,0,-57,0,180,0,0\0,16/0/0/0/0,
1011004,4,-156,0,26,0,180,0,0\0,9/0/0/0/0,
1011006,4,-189,0,-21,0,180,0,0\0,15/0/0/0/0,
1011007,4,-80,0,7,0,180,0,0\0,16/0/0/0/0,
1011008,4,-239,0,-49,0,180,0,0\0,2/0/0/0/0,
1011009,4,-131,0,128,0,180,0,0\0,1/0/0/0/0,
1011010,4,-184,0,119,0,180,0,0\0,17/0/0/0/0,
1012001,3,-178,0,-40,0,153,0,0\0,8/1/1/111111111111/11111/1/1/0/50/0/0,
1012002,3,-126,0,-32,0,194,0,0\0,7/3/1/111111111111/11111/1/1/0/50/0/0,
1012003,3,-178,0,55,0,159,0,0\0,7/3/1/111111111111/11111/1/1/0/50/0/0,
1012004,3,-104,0,13,0,200,0,0\0,8/1/1/111111111111/11111/1/1/0/50/0/0,
1012005,3,-146,0,117,0,222,0,0\0,7/3/1/111111111111/11111/1/1/0/50/0/0,
1012006,3,-161,0,14,0,185,0,0\0,8/1/1/111111111111/11111/1/1/0/50/0/0,
1012007,3,-230,0,-50,0,185,0,0\0,8/1/1/111111111111/11111/1/1/0/50/0/0,

