201001,4,-33,-27,143,0,0,0,0\0,17/0/0/0/0,
201002,4,11,-27,7,0,0,0,0\0,17/0/0/0/0,
201004,4,134,-28,199,0,0,0,0\0,16/0/0/0/0,
201005,4,-179,-27,-26,0,0,0,0\0,16/0/0/0/0,
201007,4,-80,4,243,0,180,0,0\0,2/0/0/0/0,
201008,4,78,-28,225,0,180,0,0\0,2/0/0/0/0,
201010,4,-84,-26,9,0,180,0,0\0,2/0/0/0/0,
201011,4,-72,-27,58,0,180,0,0\0,2/0/0/0/0,
201013,4,43,5,345,0,180,0,0\0,2/0/0/0/0,
201015,4,151,7,346,0,180,0,0\0,2/0/0/0/0,
201017,4,66,6,377,0,180,0,0\0,15/0/0/0/0,
201019,4,-201,3,428,0,180,0,0\0,15/0/0/0/0,
201022,4,-51,5,391,0,180,0,0\0,15/0/0/0/0,
201023,4,-123,5,331,0,180,0,0\0,15/0/0/0/0,
201024,4,28,-27,216,0,180,0,0\0,8/0/0/0/0,
201025,4,99,-26,58,0,180,0,0\0,8/0/0/0/0,
201026,4,-88,4,347,0,180,0,0\0,8/0/0/0/0,
201027,4,-198,-27,-16,0,180,0,0\0,4/0/0/0/0,
201029,4,-104,0,392,0,317,0,0\0,5/0/0/0/0,
201030,4,-24,3,381,0,210,0,0\0,5/0/0/0/0,
201031,4,-138,0,252,0,41,0,0\0,13/0/0/0/0,
201033,4,-144,-27,9,0,41,0,0\0,18/0/0/0/0,
201034,4,102,5,322,0,135,0,0\0,10/0/0/0/0,
201036,4,-185,4,421,0,247,0,0\0,10/0/0/0/0,
201037,4,55,-27,30,0,313,0,0\0,19/0/0/0/0,
202001,3,-177,0,259,0,246,0,0\0,31/1/1/111111111111/11111/1/1/0/50/0/0,
202002,3,59,-27,213,0,291,0,0\0,31/1/1/111111111111/11111/1/1/0/50/0/0,
202003,3,147,-26,231,0,224,0,0\0,31/1/1/111111111111/11111/1/1/0/50/0/0,
202004,3,146,5,369,0,149,0,0\0,31/1/3/111111111111/11111/1/1/0/50/0/0,
202005,3,56,6,363,0,142,0,0\0,31/1/3/111111111111/11111/1/1/0/50/0/0,
202006,3,-42,3,256,0,234,0,0\0,2/2/1/111111111111/11111/1/1/0/50/0/0,
202007,3,86,5,303,0,207,0,0\0,2/2/1/111111111111/11111/1/1/0/50/0/0,
202009,3,-186,3,430,0,176,0,0\0,2/2/1/111111111111/11111/1/1/0/50/0/0,
202010,3,-132,7,340,0,147,0,0\0,2/2/1/111111111111/11111/1/1/0/50/0/0,
202012,3,-72,4,388,0,154,0,0\0,2/2/1/111111111111/11111/1/1/0/50/0/0,
202013,3,110,-27,209,0,273,0,0\0,15/1/1/111111111111/11111/1/1/0/50/0/0,
202015,3,-64,-26,49,0,283,0,0\0,15/1/1/111111111111/11111/1/1/0/50/0/0,
202016,3,-159,-26,-8,0,66,0,0\0,15/1/4/111111111111/11111/1/1/0/50/0/0,
202017,3,91,8,341,0,198,0,0\0,15/1/3/111111111111/11111/1/1/0/50/0/0,
202018,3,-123,-26,15,0,163,0,0\0,4/1/1/111111111111/11111/1/1/0/50/0/0,
202019,3,-68,-26,19,0,0,0,0\0,4/1/1/111111111111/11111/1/1/0/50/0/0,
202020,3,45,-25,52,0,237,0,0\0,19/1/1/111111111111/11111/1/1/0/50/0/0,
202021,3,1,-26,10,0,240,0,0\0,19/1/1/111111111111/11111/1/1/0/50/0/0,
202023,3,-183,3,403,0,108,0,0\0,19/1/1/111111111111/11111/1/1/0/50/0/0,
202024,3,-78,-11,196,0,168,0,0\0,19/1/1/111111111111/11111/1/1/0/50/0/0,
202025,3,-42,4,393,0,194,0,0\0,19/1/1/111111111111/11111/1/1/0/50/0/0,
203001,13,-195,34,497,0,270,0,0\0,0.00\0.00\2.90\0.5\0.00\0.00\-2.40\0.5\Game/Gimmick/Gimmick_WindBomb_Point_Mega
203002,9,-18,-26,44,0,0,0,0\0,0\0\0\0\1\0\Game/Gimmick/Gimmick_Taru002
203003,9,-241,34,495,0,0,0,0\0,0\0\0\0\1\0\Game/Gimmick/Gimmick_Taru002
209001,8,-60,-25,196,0,7,0,0\0,24/Field
209002,8,84,-27,51,0,6,0,0\0,25/Field
209003,8,105,9,397,0,344,0,0\0,26/Field
209004,8,-92,1,440,0,24,0,0\0,23/Field
209005,5,-137,0,243,0,51,0,0\0,「アルダの分かれ道」<br><br>↑：カンゾウの家<br>→：アルダ村前<br>↓：茶屋きみどり前/4/5
209006,5,-7,-30,144,0,47,0,0\0,→：治定の道<br>↓：灯台前広場/4/5
209007,5,126,8,405,0,180,0,0\0,↑：アルダ村/4/3
209008,5,-95,3,379,0,50,0,0\0,カンゾウの家/4/3
209009,1,-203,15,224,0,0,0,0\0,6,
209010,1,-155,7,179,0,348,0,0\0,6,
209011,1,73,-13,184,0,339,0,0\0,6,
209012,1,178,-12,205,0,346,0,0\0,6,
209013,1,-128,-13,52,0,0,0,0\0,6,
209014,1,-177,-15,34,0,0,0,0\0,6,
209015,1,-229,-7,-37,0,0,0,0\0,6,
209016,1,-132,-10,-48,0,0,0,0\0,6,
209017,1,-64,-8,-22,0,0,0,0\0,6,
209018,1,6,-8,-23,0,0,0,0\0,6,
209019,1,51,-17,-22,0,0,0,0\0,6,
209020,1,65,-14,120,0,0,0,0\0,6,
209021,1,122,-4,91,0,0,0,0\0,6,
208001,11,-111,1,429,0,125,0,0\0,1016/2/111111111111/11111/-1/,
208002,11,-16,-27,182,0,160,0,0\0,1016/2/111111111111/11111/-1/,
208003,11,4,4,380,0,310,0,0\0,9010/2/111111111111/11111/-1/FLD_FRA_010_010,
207001,12,-110,-12,212,0,180,0,0\0,
207002,12,-96,0,409,0,180,0,0\0,
207003,12,14,-27,73,0,180,0,0\0,
207004,12,-170,-26,-12,0,180,0,0\0,
207005,12,-14,-26,155,0,180,0,0\0,
207006,12,113,-26,20,0,180,0,0\0,

