20000,3,-20,0,-23,0,180,0,0\0,31/5/1/111111111111/11111/1/1/0/50/0/0,
20001,3,-57,0,-28,0,227,0,0\0,30/3/1/111111111111/11111/1/1/0/50/0/0,
20002,3,-110,0,-28,0,160,0,0\0,30/3/1/111111111111/11111/1/1/0/50/0/0,
20003,3,11,10,13,0,200,0,0\0,2/1/1/111111111111/11111/1/1/0/50/0/0,
20004,3,-87,10,35,0,145,0,0\0,10/1/1/111111111111/11111/1/1/0/50/0/0,
40000,9,-111,0,1,0,180,0,0\0,0\0\0\0\1\0\Game/Gimmick/Gimmick_Taru001
40001,9,17,10,44,0,180,0,0\0,0\0\0\0\1\0\Game/Gimmick/Gimmick_Taru001
40002,9,-137,0,26,0,180,0,0\0,0\0\0\0\1\0\Game/Gimmick/Gimmick_Taru001
40003,9,49,25,-12,0,180,0,0\0,0\0\0\0\1\0\Game/Gimmick/Gimmick_Taru001
30000,4,-86,10,7,0,180,0,0\0,3/0/0/0/0,
30001,4,-23,10,54,0,180,0,0\0,3/0/0/0/0,
30002,4,37,25,-25,0,180,0,0\0,2/0/0/0/0,
30003,4,-13,10,-47,0,180,0,0\0,2/0/0/0/0,
30004,4,-69,10,98,0,180,0,0\0,2/0/0/0/0,
30005,4,-59,0,-9,0,180,0,0\0,2/0/0/0/0,
30006,4,-115,0,34,0,180,0,0\0,1/0/0/0/0,
30007,4,-120,0,57,0,180,0,0\0,1/0/0/0/0,

