1031001,4,-307,0,134,0,180,0,0\0,2/0/0/0/0,
1031002,4,-292,0,123,0,180,0,0\0,16/0/0/0/0,
1031003,4,-115,0,-25,0,180,0,0\0,17/0/0/0/0,
1031004,4,-126,0,144,0,180,0,0\0,16/0/0/0/0,
1031005,4,-149,0,23,0,180,0,0\0,2/0/0/0/0,
1031006,4,-336,0,204,0,180,0,0\0,15/0/0/0/0,
1031007,4,-334,0,303,0,180,0,0\0,1/0/0/0/0,
1031008,4,-304,0,-37,0,180,0,0\0,1/0/0/0/0,
1031009,4,-165,0,124,0,180,0,0\0,16/0/0/0/0,
1031010,4,-440,0,134,0,180,0,0\0,9/0/0/0/0,
1031011,4,-284,0,16,0,180,0,0\0,2/0/0/0/0,
1031012,4,-261,0,10,0,180,0,0\0,15/0/0/0/0,
1031013,4,-127,0,111,0,180,0,0\0,16/0/0/0/0,
1031014,4,-116,0,189,0,180,0,0\0,9/0/0/0/0,
1031015,4,-189,0,180,0,180,0,0\0,9/0/0/0/0,
1031016,4,-148,0,203,0,180,0,0\0,16/0/0/0/0,
1031017,4,-367,0,303,0,180,0,0\0,1/0/0/0/0,
1031018,4,-169,0,-37,0,180,0,0\0,17/0/0/0/0,
1031019,4,-178,0,136,0,180,0,0\0,16/0/0/0/0,
1031020,4,-151,0,154,0,180,0,0\0,15/0/0/0/0,
1032001,3,-369,0,137,0,153,0,0\0,8/1/1/111111111111/11111/1/1/0/50/0/0,
1032002,3,-114,0,26,0,194,0,0\0,7/3/1/111111111111/11111/1/1/0/50/0/0,
1032003,3,-168,0,163,0,156,0,0\0,7/3/1/111111111111/11111/1/1/0/50/0/0,
1032004,3,-181,0,9,0,153,0,0\0,8/1/1/111111111111/11111/1/1/0/50/0/0,
1032005,3,-359,0,251,0,170,0,0\0,8/1/1/111111111111/11111/1/1/0/50/0/0,
1032006,3,-312,0,173,0,194,0,0\0,7/3/1/111111111111/11111/1/1/0/50/0/0,
900000049,3,-133,0,-30,0,180,0,0\0,19/1/1/111111111111/11111/1/1/0/50/1/0,
900000058,3,-147,0,-30,0,180,0,0\0,19/1/1/111111111111/11111/1/1/0/50/1/0,
1033001,9,-150,0,79,0,201,0,0\0,-0.5\0\0.75\1\1\0\Game/Gimmick/Gimmick_tree001
20103,5,-74,0,14,0,0,0,0\0,→：阿特里亞方向/4/0
20104,6,-60,0,0,0,270,0,2\2\100011003,\Game/Field/Spawn/MapArea_02_middle_005_saku

